1098 1098 1098 1098 1098 1098 1098 1098 1098 1098 1098 1098 1098 1098 1098 1098 1098 1098 1098 1098 1098 1098 1098 1098 1098 1098 1098 1098 1098 1098 1098 1098 1098 1098 1098 1098 1098 1098 1098 1098 1098 1098 1098 1098 1098 1098 1098 1098 1098 1098 1098 1098 1098 1098 1098 1098 1098 1098 1098 1098 1098 1098 1098 1098
1098 1098 1098 1098 1098 1098 1098 1098 1098 1098 1098 1098 1098 1098 1098 1098 1098 1098 1098 1098 1098 1098 1098 1098 1098 1098 1098 1098 1098 1098 1098 1098 1098 1098 1098 1098 1098 1098 1098 1098 1098 1098 1098 1098 1098 1098 1098 1098 1098 1098 1098 1098 1098 1098 1098 1098 1098 1098 1098 1098 1098 1098 1098 1098
1098 1098 1098 1098 1098 1098 1098 1098 1098 1098 1098 1098 1098 1098 1098 1098 1098 1098 1098 1098 1098 1098 1098 1098 1098 1098 1098 1098 1098 1098 1098 1098 1098 1098 1098 1098 1098 1098 1098 1098 1098 1098 1098 1098 1098 1098 1098 1098 1098 1098 1098 1098 1098 1098 1098 1098 1098 1098 1098 1098 1098 1098 1098 1098
1098 1098 1098 1098 1098 1098 1098 1098 1098 1098 1098 1098 1098 1098 1098 1098 1098 1098 1098 1098 1098 1098 1098 1098 1098 1098 1098 1098 1098 1098 1098 1098 1098 1098 1098 1098 1098 1098 1098 1098 1098 1098 1098 1098 1098 1098 1098 1098 1098 1098 1098 1098 1098 1098 1098 1098 1098 1098 1098 1098 1098 1098 1098 1098
1098 1098 1098 1098 1098 1098 1098 1098 1098 1098 1098 1098 1098 1098 1098 1098 1098 1098 1098 1098 1098 1098 1098 1098 1098 1098 1098 1098 1098 1098 1098 1098 1098 1098 1098 1098 1098 1098 1098 1098 1098 1098 1098 1098 1098 1098 1098 1098 1098 1098 1098 1098 1098 1098 1098 1098 1098 1098 1098 1098 1098 1098 1098 1098
1098 1098 1098 1098 1098 1098 1098 1098 1098 1098 1098 1098 1098 1098 1098 1098 1098 1098 1098 1098 1098 1098 1098 1098 1098 1098 1098 1098 1098 1098 1098 1098 1098 1098 1098 1098 1098 1098 1098 1098 1098 1098 1098 1098 1098 1098 1098 1098 1098 1098 1098 1098 1098 1098 1098 1098 1098 1098 1098 1098 1098 1098 1098 1098
1098 1098 1098 1098 1098 1098 1098 1098 1098 1098 1098 1098 1098 1098 1098 1098 1098 1098 1098 1098 1098 1098 1098 1098 1098 1098 1098 1098 1098 1098 1098 1098 1098 1098 1098 1098 1098 1098 1098 1098 1098 1098 1098 1098 1098 1098 1098 1098 1098 1098 1098 1098 1098 1098 1098 1098 1098 1098 1098 1098 1098 1098 1098 1098
1098 1098 1098 1098 1098 1098 1098 1098 1098 1098 1098 1098 1098 1098 1098 1098 1098 1098 1098 1098 1098 1098 1098 1098 1098 1098 1098 1098 1098 1098 1098 1098 1098 1098 1098 1098 1098 1098 1098 1098 1098 1098 1098 1098 1098 1098 1098 1098 1098 1098 1098 1098 1098 1098 1098 1098 1098 1098 1098 1098 1098 1098 1098 1098
1098 1098 1098 1098 1098 1098 1098 1098 1098 1098 1098 1098 1098 1098 1098 1098 1098 1098 1098 1098 1098 1098 1098 1098 1098 1098 1098 1098 1098 1098 1098 1098 1098 1098 1098 1098 1098 1098 1098 1098 1098 1098 1098 1098 1098 1098 1098 1098 1098 1098 1098 1098 1098 1098 1098 1098 1098 1098 1098 1098 1098 1098 1098 1098
1098 1098 1098 1098 1098 1098 1098 1098 1098 1098 1098 1098 1098 1098 1098 1098 1098 1098 1098 1098 1098 1098 1098 1098 1098 1098 1098 1098 1098 1098 1098 1098 1098 1098 1098 1098 1098 1098 1098 1098 1098 1098 1098 1098 1098 1098 1098 1098 1098 1098 1098 1098 1098 1098 1098 1098 1098 1098 1098 1098 1098 1098 1098 1098
1098 1098 1098 1098 1098 1098 1098 1098 1098 1098 1098 1098 1098 1098 1098 1098 1098 1098 1098 1098 1098 1098 1098 1098 1098 1098 1098 1098 1098 1098 1098 1098 1098 1098 1098 1098 1098 1098 1098 1098 1098 1098 1098 1098 1098 1098 1098 1098 1098 1098 1098 1098 1098 1098 1098 1098 1098 1098 1098 1098 1098 1098 1098 1098
1098 1098 1098 1098 1098 1098 1098 1098 1098 1098 1098 1098 1098 1098 1098 1098 1098 1098 1098 1098 1098 1098 1098 1098 1098 1098 1098 1098 1098 1098 1098 1098 1098 1098 1098 1098 1098 1098 1098 1098 1098 1098 1098 1098 1098 1098 1098 1098 1098 1098 1098 1098 1098 1098 1098 1098 1098 1098 1098 1098 1098 1098 1098 1098
1098 1098 1098 1098 1098 1098 1098 1098 1098 1098 1098 1098 1098 1098 1098 1098 1098 1098 1098 1098 1098 1098 1098 1098 1098 1098 1098 1098 1098 1098 1098 1098 1098 1098 1098 1098 1098 1098 1098 1098 1098 1098 1098 1098 1098 1098 1098 1098 1098 1098 1098 1098 1098 1098 1098 1098 1098 1098 1098 1098 1098 1098 1098 1098
1098 1098 1098 1098 1098 1098 1098 1098 1098 1098 1098 1098 1098 1098 1098 1098 1098 1098 1098 1098 1098 1098 1098 1098 1098 1098 1098 1098 1098 1098 1098 1098 1098 1098 1098 1098 1098 1098 1098 1098 1098 1098 1098 1098 1098 1098 1098 1098 1098 1098 1098 1098 1098 1098 1098 1098 1098 1098 1098 1098 1098 1098 1098 1098
1098 1098 1098 1098 1098 1098 1098 1098 1098 1098 1098 1098 1098 1098 1098 1098 1098 1098 1098 1098 1098 1098 1098 1098 1098 1098 1098 1098 1098 1098 1098 1098 1098 1098 1098 1098 1098 1098 1098 1098 1098 1098 1098 1098 1098 1098 1098 1098 1098 1098 1098 1098 1098 1098 1098 1098 1098 1098 1098 1098 1098 1098 1098 1098
1098 1098 1098 1098 1098 1098 1098 1098 1098 1098 1098 1098 1098 1098 1098 1098 1098 1098 1098 1098 1098 1098 1098 1098 1098 1098 1098 1098 1098 1098 1098 1098 1098 1098 1098 1098 1098 1098 1098 1098 1098 1098 1098 1098 1098 1098 1098 1098 1098 1098 1098 1098 1098 1098 1098 1098 1098 1098 1098 1098 1098 1098 1098 1098
1098 1098 1098 1098 1098 1098 1098 1098 1098 1098 1098 1098 1098 1098 1098 1098 1098 1098 1098 1098 1098 1098 1098 1098 1098 1098 1098 1098 1098 1098 1098 1098 1098 1098 1098 1098 1098 1098 1098 1098 1098 1098 1098 1098 1098 1098 1098 1098 1098 1098 1098 1098 1098 1098 1098 1098 1098 1098 1098 1098 1098 1098 1098 1098
1098 1098 1098 1098 1098 1098 1098 1098 1098 1098 1098 1098 1098 1098 1098 1098 1098 1098 1098 1098 1098 1098 1098 1098 1098 1098 1098 1098 1098 1098 1098 1098 1098 1098 1098 1098 1098 1098 1098 1098 1098 1098 1098 1098 1098 1098 1098 1098 1098 1098 1098 1098 1098 1098 1098 1098 1098 1098 1098 1098 1098 1098 1098 1098
1098 1098 1098 1098 1098 1098 1098 1098 1098 1098 1098 1098 1098 1098 1098 1098 1098 1098 1098 1098 1098 1098 1098 1098 1098 1098 1098 1098 1098 1098 1098 1098 1098 1098 1098 1098 1098 1098 1098 1098 1098 1098 1098 1098 1098 1098 1098 1098 1098 1098 1098 1098 1098 1098 1098 1098 1098 1098 1098 1098 1098 1098 1098 1098
1098 1098 1098 1098 1098 1098 1098 1098 1098 1098 1098 1098 1098 1098 1098 1098 1098 1098 1098 1098 1098 1098 1098 1098 1098 1098 1098 1098 1098 1098 1098 1098 1098 1098 1098 1098 1098 1098 1098 1098 1098 1098 1098 1098 1098 1098 1098 1098 1098 1098 1098 1098 1098 1098 1098 1098 1098 1098 1098 1098 1098 1098 1098 1098
1098 1098 1098 1098 1098 1098 1098 1098 1098 1098 1098 1098 1098 1098 1098 1098 1098 1098 1098 1183 1163 1168 1168 1168 1168 1168 1168 1168 1168 1164 1185 1098 1098 1098 1098 1098 1098 1098 1098 1098 1098 1098 1098 1098 1098 1098 1098 1098 1098 1098 1098 1098 1098 1098 1098 1098 1098 1098 1098 1098 1098 1098 1098 1098
1098 1098 1098 1098 1098 1098 1098 1098 1098 1098 1098 1098 1098 1098 1098 1098 1098 1098 1098 1189 1176 1176 1176 1176 1176 1171 1171 1174 1176 1176 1191 1098 1098 1098 1098 1098 1098 1098 1098 1098 1098 1098 1098 1098 1098 1098 1098 1098 1098 1098 1098 1098 1098 1098 1098 1098 1098 1098 1098 1098 1098 1098 1098 1098
1098 1098 1098 1098 1098 1098 1098 1098 1098 1098 1098 1098 1098 1098 1098 1098 1098 1098 1098 1189 1180 1263 1264 1180 1180 1180 1180 1180 1219 1180 1191 1098 1098 1098 1098 1098 1098 1098 1098 1098 1098 1098 1098 1098 1098 1098 1098 1098 1098 1098 1098 1098 1098 1098 1098 1098 1098 1098 1098 1098 1098 1098 1098 1098
1098 1098 1098 1098 1098 1098 1098 1098 1098 1098 1098 1098 1098 1098 1098 1098 1098 1098 1098 1189 1075 1269 1270 1253 1076 1076 1076 1076 1225 1077 1191 1098 1098 1098 1098 1098 1098 1098 1098 1098 1098 1098 1098 1098 1098 1098 1098 1098 1098 1098 1098 1098 1098 1098 1098 1098 1098 1098 1098 1098 1098 1098 1098 1098
1098 1098 1098 1098 1098 1098 1098 1098 1098 1098 1098 1098 1098 1098 1098 1098 1098 1098 1098 1189 1081 1082 1082 1082 1082 1255 1082 1082 1082 1083 1191 1098 1098 1098 1098 1098 1098 1098 1098 1098 1098 1098 1098 1098 1098 1098 1098 1098 1098 1098 1098 1098 1098 1098 1098 1098 1098 1098 1098 1098 1098 1098 1098 1098
1098 1098 1098 1098 1098 1098 1098 1098 1098 1098 1098 1098 1098 1098 1098 1098 1098 1098 1098 1189 1081 1082 1082 1082 1082 1082 1082 1220 1221 1083 1191 1098 1098 1098 1098 1098 1098 1098 1098 1098 1098 1098 1098 1098 1098 1098 1098 1098 1098 1098 1098 1098 1098 1098 1098 1098 1098 1098 1098 1098 1098 1098 1098 1098
1098 1098 1098 1098 1098 1098 1098 1098 1098 1098 1098 1098 1098 1098 1098 1098 1098 1098 1098 1189 1081 1082 1082 1082 1082 1082 1082 1226 1227 1083 1191 1098 1098 1098 1098 1098 1098 1098 1098 1098 1098 1098 1098 1098 1098 1098 1098 1098 1098 1098 1098 1098 1098 1098 1098 1098 1098 1098 1098 1098 1098 1098 1098 1098
1098 1098 1098 1098 1098 1098 1098 1098 1098 1098 1098 1098 1098 1098 1098 1098 1098 1098 1098 1189 1081 1082 1255 1082 1082 1082 1082 1082 1082 1083 1191 1098 1098 1098 1098 1098 1098 1098 1098 1098 1098 1098 1098 1098 1098 1098 1098 1098 1098 1098 1098 1098 1098 1098 1098 1098 1098 1098 1098 1098 1098 1098 1098 1098
1098 1098 1098 1098 1098 1098 1098 1098 1098 1098 1098 1098 1098 1098 1098 1098 1098 1098 1098 1189 1081 1082 1082 1082 1082 1082 1082 1291 1293 1083 1191 1098 1098 1098 1098 1098 1098 1098 1098 1098 1098 1098 1098 1098 1098 1098 1098 1098 1098 1098 1098 1098 1098 1098 1098 1098 1098 1098 1098 1098 1098 1098 1098 1098
1098 1098 1098 1098 1098 1098 1098 1098 1098 1098 1098 1098 1098 1098 1098 1098 1098 1098 1098 1189 1087 1088 1088 1104 1082 1082 1103 1088 1088 1089 1191 1098 1098 1098 1098 1098 1098 1098 1098 1098 1098 1098 1098 1098 1098 1098 1098 1098 1098 1098 1098 1098 1098 1098 1098 1098 1098 1098 1098 1098 1098 1098 1098 1098
1098 1098 1098 1098 1098 1098 1098 1098 1098 1098 1098 1098 1098 1098 1098 1098 1098 1098 1098 1201 1202 1202 1193 1095 1096 1096 1097 1199 1202 1202 1203 1098 1098 1098 1098 1098 1098 1098 1098 1098 1098 1098 1098 1098 1098 1098 1098 1098 1098 1098 1098 1098 1098 1098 1098 1098 1098 1098 1098 1098 1098 1098 1098 1098
1098 1098 1098 1098 1098 1098 1098 1098 1098 1098 1098 1098 1098 1098 1098 1098 1098 1098 1098 1098 1098 1098 1098 1098 1098 1098 1098 1098 1098 1098 1098 1098 1098 1098 1098 1098 1098 1098 1098 1098 1098 1098 1098 1098 1098 1098 1098 1098 1098 1098 1098 1098 1098 1098 1098 1098 1098 1098 1098 1098 1098 1098 1098 1098
1098 1098 1098 1098 1098 1098 1098 1098 1098 1098 1098 1098 1098 1098 1098 1098 1098 1098 1098 1098 1098 1098 1098 1098 1098 1098 1098 1098 1098 1098 1098 1098 1098 1098 1098 1098 1098 1098 1098 1098 1098 1098 1098 1098 1098 1098 1098 1098 1098 1098 1098 1098 1098 1098 1098 1098 1098 1098 1098 1098 1098 1098 1098 1098
1098 1098 1098 1098 1098 1098 1098 1098 1098 1098 1098 1098 1098 1098 1098 1098 1098 1098 1098 1098 1098 1098 1098 1098 1098 1098 1098 1098 1098 1098 1098 1098 1098 1098 1098 1098 1098 1098 1098 1098 1098 1098 1098 1098 1098 1098 1098 1098 1098 1098 1098 1098 1098 1098 1098 1098 1098 1098 1098 1098 1098 1098 1098 1098
1098 1098 1098 1098 1098 1098 1098 1098 1098 1098 1098 1098 1098 1098 1098 1098 1098 1098 1098 1098 1098 1098 1098 1098 1098 1098 1098 1098 1098 1098 1098 1098 1098 1098 1098 1098 1098 1098 1098 1098 1098 1098 1098 1098 1098 1098 1098 1098 1098 1098 1098 1098 1098 1098 1098 1098 1098 1098 1098 1098 1098 1098 1098 1098
1098 1098 1098 1098 1098 1098 1098 1098 1098 1098 1098 1098 1098 1098 1098 1098 1098 1098 1098 1098 1098 1098 1098 1098 1098 1098 1098 1098 1098 1098 1098 1098 1098 1098 1098 1098 1098 1098 1098 1098 1098 1098 1098 1098 1098 1098 1098 1098 1098 1098 1098 1098 1098 1098 1098 1098 1098 1098 1098 1098 1098 1098 1098 1098
1098 1098 1098 1098 1098 1098 1098 1098 1098 1098 1098 1098 1098 1098 1098 1098 1098 1098 1098 1098 1098 1098 1098 1098 1098 1098 1098 1098 1098 1098 1098 1098 1098 1098 1098 1098 1098 1098 1098 1098 1098 1098 1098 1098 1098 1098 1098 1098 1098 1098 1098 1098 1098 1098 1098 1098 1098 1098 1098 1098 1098 1098 1098 1098
1098 1098 1098 1098 1098 1098 1098 1098 1098 1098 1098 1098 1098 1098 1098 1098 1098 1098 1098 1098 1098 1098 1098 1098 1098 1098 1098 1098 1098 1098 1098 1098 1098 1098 1098 1098 1098 1098 1098 1098 1098 1098 1098 1098 1098 1098 1098 1098 1098 1098 1098 1098 1098 1098 1098 1098 1098 1098 1098 1098 1098 1098 1098 1098
1098 1098 1098 1098 1098 1098 1098 1098 1098 1098 1098 1098 1098 1098 1098 1098 1098 1098 1098 1098 1098 1098 1098 1098 1098 1098 1098 1098 1098 1098 1098 1098 1098 1098 1098 1098 1098 1098 1098 1098 1098 1098 1098 1098 1098 1098 1098 1098 1098 1098 1098 1098 1098 1098 1098 1098 1098 1098 1098 1098 1098 1098 1098 1098
1098 1098 1098 1098 1098 1098 1098 1098 1098 1098 1098 1098 1098 1098 1098 1098 1098 1098 1098 1098 1098 1098 1098 1098 1098 1098 1098 1098 1098 1098 1098 1098 1098 1098 1098 1098 1098 1098 1098 1098 1098 1098 1098 1098 1098 1098 1098 1098 1098 1098 1098 1098 1098 1098 1098 1098 1098 1098 1098 1098 1098 1098 1098 1098
1098 1098 1098 1098 1098 1098 1098 1098 1098 1098 1098 1098 1098 1098 1098 1098 1098 1098 1098 1098 1098 1098 1098 1098 1098 1098 1098 1098 1098 1098 1098 1098 1098 1098 1098 1098 1098 1098 1098 1098 1098 1098 1098 1098 1098 1098 1098 1098 1098 1098 1098 1098 1098 1098 1098 1098 1098 1098 1098 1098 1098 1098 1098 1098
1098 1098 1098 1098 1098 1098 1098 1098 1098 1098 1098 1098 1098 1098 1098 1098 1098 1098 1098 1098 1098 1098 1098 1098 1098 1098 1098 1098 1098 1098 1098 1098 1098 1098 1098 1098 1098 1098 1098 1098 1098 1098 1098 1098 1098 1098 1098 1098 1098 1098 1098 1098 1098 1098 1098 1098 1098 1098 1098 1098 1098 1098 1098 1098
1098 1098 1098 1098 1098 1098 1098 1098 1098 1098 1098 1098 1098 1098 1098 1098 1098 1098 1098 1098 1098 1098 1098 1098 1098 1098 1098 1098 1098 1098 1098 1098 1098 1098 1098 1098 1098 1098 1098 1098 1098 1098 1098 1098 1098 1098 1098 1098 1098 1098 1098 1098 1098 1098 1098 1098 1098 1098 1098 1098 1098 1098 1098 1098
1098 1098 1098 1098 1098 1098 1098 1098 1098 1098 1098 1098 1098 1098 1098 1098 1098 1098 1098 1098 1098 1098 1098 1098 1098 1098 1098 1098 1098 1098 1098 1098 1098 1098 1098 1098 1098 1098 1098 1098 1098 1098 1098 1098 1098 1098 1098 1098 1098 1098 1098 1098 1098 1098 1098 1098 1098 1098 1098 1098 1098 1098 1098 1098
1098 1098 1098 1098 1098 1098 1098 1098 1098 1098 1098 1098 1098 1098 1098 1098 1098 1098 1098 1098 1098 1098 1098 1098 1098 1098 1098 1098 1098 1098 1098 1098 1098 1098 1098 1098 1098 1098 1098 1098 1098 1098 1098 1098 1098 1098 1098 1098 1098 1098 1098 1098 1098 1098 1098 1098 1098 1098 1098 1098 1098 1098 1098 1098
1098 1098 1098 1098 1098 1098 1098 1098 1098 1098 1098 1098 1098 1098 1098 1098 1098 1098 1098 1098 1098 1098 1098 1098 1098 1098 1098 1098 1098 1098 1098 1098 1098 1098 1098 1098 1098 1098 1098 1098 1098 1098 1098 1098 1098 1098 1098 1098 1098 1098 1098 1098 1098 1098 1098 1098 1098 1098 1098 1098 1098 1098 1098 1098
1098 1098 1098 1098 1098 1098 1098 1098 1098 1098 1098 1098 1098 1098 1098 1098 1098 1098 1098 1098 1098 1098 1098 1098 1098 1098 1098 1098 1098 1098 1098 1098 1098 1098 1098 1098 1098 1098 1098 1098 1098 1098 1098 1098 1098 1098 1098 1098 1098 1098 1098 1098 1098 1098 1098 1098 1098 1098 1098 1098 1098 1098 1098 1098
1098 1098 1098 1098 1098 1098 1098 1098 1098 1098 1098 1098 1098 1098 1098 1098 1098 1098 1098 1098 1098 1098 1098 1098 1098 1098 1098 1098 1098 1098 1098 1098 1098 1098 1098 1098 1098 1098 1098 1098 1098 1098 1098 1098 1098 1098 1098 1098 1098 1098 1098 1098 1098 1098 1098 1098 1098 1098 1098 1098 1098 1098 1098 1098
1098 1098 1098 1098 1098 1098 1098 1098 1098 1098 1098 1098 1098 1098 1098 1098 1098 1098 1098 1098 1098 1098 1098 1098 1098 1098 1098 1098 1098 1098 1098 1098 1098 1098 1098 1098 1098 1098 1098 1098 1098 1098 1098 1098 1098 1098 1098 1098 1098 1098 1098 1098 1098 1098 1098 1098 1098 1098 1098 1098 1098 1098 1098 1098
1098 1098 1098 1098 1098 1098 1098 1098 1098 1098 1098 1098 1098 1098 1098 1098 1098 1098 1098 1098 1098 1098 1098 1098 1098 1098 1098 1098 1098 1098 1098 1098 1098 1098 1098 1098 1098 1098 1098 1098 1098 1098 1098 1098 1098 1098 1098 1098 1098 1098 1098 1098 1098 1098 1098 1098 1098 1098 1098 1098 1098 1098 1098 1098
1098 1098 1098 1098 1098 1098 1098 1098 1098 1098 1098 1098 1098 1098 1098 1098 1098 1098 1098 1098 1098 1098 1098 1098 1098 1098 1098 1098 1098 1098 1098 1098 1098 1098 1098 1098 1098 1098 1098 1098 1098 1098 1098 1098 1098 1098 1098 1098 1098 1098 1098 1098 1098 1098 1098 1098 1098 1098 1098 1098 1098 1098 1098 1098
1098 1098 1098 1098 1098 1098 1098 1098 1098 1098 1098 1098 1098 1098 1098 1098 1098 1098 1098 1098 1098 1098 1098 1098 1098 1098 1098 1098 1098 1098 1098 1098 1098 1098 1098 1098 1098 1098 1098 1098 1098 1098 1098 1098 1098 1098 1098 1098 1098 1098 1098 1098 1098 1098 1098 1098 1098 1098 1098 1098 1098 1098 1098 1098
1098 1098 1098 1098 1098 1098 1098 1098 1098 1098 1098 1098 1098 1098 1098 1098 1098 1098 1098 1098 1098 1098 1098 1098 1098 1098 1098 1098 1098 1098 1098 1098 1098 1098 1098 1098 1098 1098 1098 1098 1098 1098 1098 1098 1098 1098 1098 1098 1098 1098 1098 1098 1098 1098 1098 1098 1098 1098 1098 1098 1098 1098 1098 1098
1098 1098 1098 1098 1098 1098 1098 1098 1098 1098 1098 1098 1098 1098 1098 1098 1098 1098 1098 1098 1098 1098 1098 1098 1098 1098 1098 1098 1098 1098 1098 1098 1098 1098 1098 1098 1098 1098 1098 1098 1098 1098 1098 1098 1098 1098 1098 1098 1098 1098 1098 1098 1098 1098 1098 1098 1098 1098 1098 1098 1098 1098 1098 1098
1098 1098 1098 1098 1098 1098 1098 1098 1098 1098 1098 1098 1098 1098 1098 1098 1098 1098 1098 1098 1098 1098 1098 1098 1098 1098 1098 1098 1098 1098 1098 1098 1098 1098 1098 1098 1098 1098 1098 1098 1098 1098 1098 1098 1098 1098 1098 1098 1098 1098 1098 1098 1098 1098 1098 1098 1098 1098 1098 1098 1098 1098 1098 1098
1098 1098 1098 1098 1098 1098 1098 1098 1098 1098 1098 1098 1098 1098 1098 1098 1098 1098 1098 1098 1098 1098 1098 1098 1098 1098 1098 1098 1098 1098 1098 1098 1098 1098 1098 1098 1098 1098 1098 1098 1098 1098 1098 1098 1098 1098 1098 1098 1098 1098 1098 1098 1098 1098 1098 1098 1098 1098 1098 1098 1098 1098 1098 1098
1098 1098 1098 1098 1098 1098 1098 1098 1098 1098 1098 1098 1098 1098 1098 1098 1098 1098 1098 1098 1098 1098 1098 1098 1098 1098 1098 1098 1098 1098 1098 1098 1098 1098 1098 1098 1098 1098 1098 1098 1098 1098 1098 1098 1098 1098 1098 1098 1098 1098 1098 1098 1098 1098 1098 1098 1098 1098 1098 1098 1098 1098 1098 1098
1098 1098 1098 1098 1098 1098 1098 1098 1098 1098 1098 1098 1098 1098 1098 1098 1098 1098 1098 1098 1098 1098 1098 1098 1098 1098 1098 1098 1098 1098 1098 1098 1098 1098 1098 1098 1098 1098 1098 1098 1098 1098 1098 1098 1098 1098 1098 1098 1098 1098 1098 1098 1098 1098 1098 1098 1098 1098 1098 1098 1098 1098 1098 1098
1098 1098 1098 1098 1098 1098 1098 1098 1098 1098 1098 1098 1098 1098 1098 1098 1098 1098 1098 1098 1098 1098 1098 1098 1098 1098 1098 1098 1098 1098 1098 1098 1098 1098 1098 1098 1098 1098 1098 1098 1098 1098 1098 1098 1098 1098 1098 1098 1098 1098 1098 1098 1098 1098 1098 1098 1098 1098 1098 1098 1098 1098 1098 1098
1098 1098 1098 1098 1098 1098 1098 1098 1098 1098 1098 1098 1098 1098 1098 1098 1098 1098 1098 1098 1098 1098 1098 1098 1098 1098 1098 1098 1098 1098 1098 1098 1098 1098 1098 1098 1098 1098 1098 1098 1098 1098 1098 1098 1098 1098 1098 1098 1098 1098 1098 1098 1098 1098 1098 1098 1098 1098 1098 1098 1098 1098 1098 1098
1098 1098 1098 1098 1098 1098 1098 1098 1098 1098 1098 1098 1098 1098 1098 1098 1098 1098 1098 1098 1098 1098 1098 1098 1098 1098 1098 1098 1098 1098 1098 1098 1098 1098 1098 1098 1098 1098 1098 1098 1098 1098 1098 1098 1098 1098 1098 1098 1098 1098 1098 1098 1098 1098 1098 1098 1098 1098 1098 1098 1098 1098 1098 1098
1098 1098 1098 1098 1098 1098 1098 1098 1098 1098 1098 1098 1098 1098 1098 1098 1098 1098 1098 1098 1098 1098 1098 1098 1098 1098 1098 1098 1098 1098 1098 1098 1098 1098 1098 1098 1098 1098 1098 1098 1098 1098 1098 1098 1098 1098 1098 1098 1098 1098 1098 1098 1098 1098 1098 1098 1098 1098 1098 1098 1098 1098 1098 1098
1098 1098 1098 1098 1098 1098 1098 1098 1098 1098 1098 1098 1098 1098 1098 1098 1098 1098 1098 1098 1098 1098 1098 1098 1098 1098 1098 1098 1098 1098 1098 1098 1098 1098 1098 1098 1098 1098 1098 1098 1098 1098 1098 1098 1098 1098 1098 1098 1098 1098 1098 1098 1098 1098 1098 1098 1098 1098 1098 1098 1098 1098 1098 1098
1098 1098 1098 1098 1098 1098 1098 1098 1098 1098 1098 1098 1098 1098 1098 1098 1098 1098 1098 1098 1098 1098 1098 1098 1098 1098 1098 1098 1098 1098 1098 1098 1098 1098 1098 1098 1098 1098 1098 1098 1098 1098 1098 1098 1098 1098 1098 1098 1098 1098 1098 1098 1098 1098 1098 1098 1098 1098 1098 1098 1098 1098 1098 1098