1098 1098 1098 1098 1098 1098 1098 1098 1098 1098 1098 1098 1098 1098 1098 1098 1098 1098 1098 1098 1098 1098 1098 1098 1098 1098 1098 1098 1098 1098 1098 1098 1098 1098 1098 1098 1098 1098 1098 1098 1098 1098 1098 1098 1098 1098 1098 1098 1098 1098 1098 1098 1098 1098 1098 1098 1098 1098 1098 1098 1098 1098 1098 1098
1098 1098 1098 1098 1098 1098 1098 1098 1098 1098 1098 1098 1098 1098 1098 1098 1098 1098 1098 1098 1098 1098 1098 1098 1098 1098 1098 1098 1098 1098 1098 1098 1098 1098 1098 1098 1098 1098 1098 1098 1098 1098 1098 1098 1098 1098 1098 1098 1098 1098 1098 1098 1098 1098 1098 1098 1098 1098 1098 1098 1098 1098 1098 1098
1098 1098 1098 1098 1098 1098 1098 1098 1098 1098 1098 1098 1098 1098 1098 1098 1098 1098 1098 1098 1098 1098 1098 1098 1098 1098 1098 1098 1098 1098 1098 1098 1098 1098 1098 1098 1098 1098 1098 1098 1098 1098 1098 1098 1098 1098 1098 1098 1098 1098 1098 1098 1098 1098 1098 1098 1098 1098 1098 1098 1098 1098 1098 1098
1098 1098 1098 1098 1098 1098 1098 1098 1098 1098 1098 1098 1098 1098 1098 1098 1098 1098 1098 1098 1098 1098 1098 1098 1098 1098 1098 1098 1098 1098 1098 1098 1098 1098 1098 1098 1098 1098 1098 1098 1098 1098 1098 1098 1098 1098 1098 1098 1098 1098 1098 1098 1098 1098 1098 1098 1098 1098 1098 1098 1098 1098 1098 1098
1098 1098 1098 1098 1098 1098 1098 1098 1098 1098 1098 1098 1098 1098 1098 1098 1098 1098 1098 1098 1098 1098 1098 1098 1098 1098 1098 1098 1098 1098 1098 1098 1098 1098 1098 1098 1098 1098 1098 1098 1098 1098 1098 1098 1098 1098 1098 1098 1098 1098 1098 1098 1098 1098 1098 1098 1098 1098 1098 1098 1098 1098 1098 1098
1098 1098 1098 1098 1098 1098 1098 1098 1098 1098 1098 1098 1098 1098 1098 1098 1098 1098 1098 1098 1098 1098 1098 1098 1098 1098 1098 1098 1098 1098 1098 1098 1098 1098 1098 1098 1098 1098 1098 1098 1098 1098 1098 1098 1098 1098 1098 1098 1098 1098 1098 1098 1098 1098 1098 1098 1098 1098 1098 1098 1098 1098 1098 1098
1098 1098 1098 1098 1098 1098 1098 1098 1098 1098 1098 1098 1098 1098 1098 1098 1098 1098 1098 1098 1098 1098 1098 1098 1098 1098 1098 1098 1098 1098 1098 1098 1098 1098 1098 1098 1098 1098 1098 1098 1098 1098 1098 1098 1098 1098 1098 1098 1098 1098 1098 1098 1098 1098 1098 1098 1098 1098 1098 1098 1098 1098 1098 1098
1098 1098 1098 1098 1098 1098 1098 1098 1098 1098 1098 1098 1098 1098 1098 1098 1098 1098 1098 1098 1098 1098 1098 1098 1098 1098 1098 1098 1098 1098 1098 1098 1098 1098 1098 1098 1098 1098 1098 1098 1098 1098 1098 1098 1098 1098 1098 1098 1098 1098 1098 1098 1098 1098 1098 1098 1098 1098 1098 1098 1098 1098 1098 1098
1098 1098 1098 1098 1098 1098 1098 1098 1098 1098 1098 1098 1098 1098 1098 1098 1098 1098 1098 1098 1098 1098 1098 1098 1098 1098 1098 1098 1098 1098 1098 1098 1098 1098 1098 1098 1098 1098 1098 1098 1098 1098 1098 1098 1098 1098 1098 1098 1098 1098 1098 1098 1098 1098 1098 1098 1098 1098 1098 1098 1098 1098 1098 1098
1098 1098 1098 1098 1098 1098 1098 1098 1098 1098 1098 1098 1098 1098 1098 1098 1098 1098 1098 1098 1098 1098 1098 1098 1098 1098 1098 1098 1098 1098 1098 1098 1098 1098 1098 1098 1098 1098 1098 1098 1098 1098 1098 1098 1098 1098 1098 1098 1098 1098 1098 1098 1098 1098 1098 1098 1098 1098 1098 1098 1098 1098 1098 1098
1098 1098 1098 1098 1098 1098 1098 1098 1098 1098 1098 1098 1098 1098 1098 1098 1098 1098 1098 1098 1098 1098 1098 1098 1098 1098 1098 1098 1098 1098 1098 1098 1098 1098 1098 1098 1098 1098 1098 1098 1098 1098 1098 1098 1098 1098 1098 1098 1098 1098 1098 1098 1098 1098 1098 1098 1098 1098 1098 1098 1098 1098 1098 1098
1098 1098 1098 1098 1098 1098 1098 1098 1098 1098 1098 1098 1098 1098 1098 1098 1098 1098 1098 1098 1098 1098 1098 1098 1098 1098 1098 1098 1098 1098 1098 1098 1098 1098 1098 1098 1098 1098 1098 1098 1098 1098 1098 1098 1098 1098 1098 1098 1098 1098 1098 1098 1098 1098 1098 1098 1098 1098 1098 1098 1098 1098 1098 1098
1098 1098 1098 1098 1098 1098 1098 1098 1098 1098 1098 1098 1098 1098 1098 1098 1098 1098 1098 1098 1098 1098 1098 1098 1098 1098 1098 1098 1098 1098 1098 1098 1098 1098 1098 1098 1098 1098 1098 1098 1098 1098 1098 1098 1098 1098 1098 1098 1098 1098 1098 1098 1098 1098 1098 1098 1098 1098 1098 1098 1098 1098 1098 1098
1098 1098 1098 1098 1098 1098 1098 1098 1098 1098 1098 1098 1098 1098 1098 1098 1098 1098 1098 1098 1098 1098 1098 1098 1098 1098 1098 1098 1098 1098 1098 1098 1098 1098 1098 1098 1098 1098 1098 1098 1098 1098 1098 1098 1098 1098 1098 1098 1098 1098 1098 1098 1098 1098 1098 1098 1098 1098 1098 1098 1098 1098 1098 1098
1098 1098 1098 1098 1098 1098 1098 1098 1098 1098 1098 1098 1098 1098 1098 1098 1098 1098 1098 1098 1098 1098 1098 1098 1098 1098 1098 1098 1098 1098 1098 1098 1098 1098 1098 1098 1098 1098 1098 1098 1098 1098 1098 1098 1098 1098 1098 1098 1098 1098 1098 1098 1098 1098 1098 1098 1098 1098 1098 1098 1098 1098 1098 1098
1098 1098 1098 1098 1098 1098 1098 1098 1098 1098 1098 1098 1098 1098 1098 1098 1098 1098 1098 1098 1098 1098 1098 1098 1098 1098 1098 1098 1098 1098 1098 1098 1098 1098 1098 1098 1098 1098 1098 1098 1098 1098 1098 1098 1098 1098 1098 1098 1098 1098 1098 1098 1098 1098 1098 1098 1098 1098 1098 1098 1098 1098 1098 1098
1098 1098 1098 1098 1098 1098 1098 1098 1098 1098 1098 1098 1098 1098 1098 1098 1098 1098 1098 1098 1098 1098 1098 1098 1098 1098 1098 1098 1098 1098 1098 1098 1098 1098 1098 1098 1098 1098 1098 1098 1098 1098 1098 1098 1098 1098 1098 1098 1098 1098 1098 1098 1098 1098 1098 1098 1098 1098 1098 1098 1098 1098 1098 1098
1098 1098 1098 1098 1098 1098 1098 1098 1098 1098 1098 1098 1098 1098 1098 1098 1098 1098 1098 1098 1098 1098 1098 1098 1098 1098 1098 1098 1098 1098 1098 1098 1098 1098 1098 1098 1098 1098 1098 1098 1098 1098 1098 1098 1098 1098 1098 1098 1098 1098 1098 1098 1098 1098 1098 1098 1098 1098 1098 1098 1098 1098 1098 1098
1098 1098 1098 1098 1098 1098 1098 1098 1098 1098 1098 1098 1098 1098 1098 1098 1098 1098 1098 1098 1098 1098 1098 1098 1098 1098 1098 1098 1098 1098 1098 1098 1098 1098 1098 1098 1098 1098 1098 1098 1098 1098 1098 1098 1098 1098 1098 1098 1098 1098 1098 1098 1098 1098 1098 1098 1098 1098 1098 1098 1098 1098 1098 1098
1098 1098 1098 1098 1098 1098 1098 1098 1098 1098 1098 1098 1098 1098 1098 1098 1098 1098 1098 1098 1098 1098 1098 1098 1098 1098 1098 1098 1098 1098 1098 1098 1098 1098 1098 1098 1098 1098 1098 1098 1098 1098 1098 1098 1098 1098 1098 1098 1098 1098 1098 1098 1098 1098 1098 1098 1098 1098 1098 1098 1098 1098 1098 1098
1098 1098 1098 1098 1098 1098 1098 1098 1098 1098 1098 1098 1098 1098 1098 1098 1098 1098 1098 1098 1098 1098 1098 1098 1098 1098 1098 1098 1098 1098 1098 1098 1098 1098 1098 1098 1098 1098 1098 1098 1098 1098 1098 1098 1098 1098 1098 1098 1098 1098 1098 1098 1098 1098 1098 1098 1098 1098 1098 1098 1098 1098 1098 1098
1098 1098 1098 1098 1098 1098 1098 1098 1098 1098 1098 1098 1098 1098 1098 1098 1098 1098 1098 1098 1098 1098 1098 1098 1098 1098 1098 1098 1098 1098 1098 1098 1098 1098 1098 1098 1098 1098 1098 1098 1098 1098 1098 1098 1098 1098 1098 1098 1098 1098 1098 1098 1098 1098 1098 1098 1098 1098 1098 1098 1098 1098 1098 1098
1098 1098 1098 1098 1098 1098 1098 1098 1098 1098 1098 1098 1098 1098 1098 1098 1098 1098 1098 1098 1098 1098 1098 1098 1098 1098 1098 1098 1098 1098 1098 1098 1098 1098 1098 1098 1098 1098 1098 1098 1098 1098 1098 1098 1098 1098 1098 1098 1098 1098 1098 1098 1098 1098 1098 1098 1098 1098 1098 1098 1098 1098 1098 1098
1098 1098 1098 1098 1098 1098 1098 1098 1098 1098 1098 1098 1098 1098 1098 1098 1098 1098 1098 1098 1098 1098 1098 1098 1098 1098 1098 1098 1098 1098 1098 1098 1098 1098 1098 1098 1098 1098 1098 1098 1098 1098 1098 1098 1098 1098 1098 1098 1098 1098 1098 1098 1098 1098 1098 1098 1098 1098 1098 1098 1098 1098 1098 1098
1098 1098 1098 1098 1098 1098 1098 1098 1098 1098 1098 1098 1098 1098 1098 1098 1098 1098 1098 1098 1098 1098 1098 1098 1098 1098 1098 1098 1098 1098 1098 1098 1098 1098 1098 1098 1098 1098 1098 1098 1098 1098 1098 1098 1098 1098 1098 1098 1098 1098 1098 1098 1098 1098 1098 1098 1098 1098 1098 1098 1098 1098 1098 1098
1098 1098 1098 1098 1098 1098 1098 1098 1098 1098 1098 1098 1098 1098 1098 1098 1098 1098 1098 1098 1098 1098 1098 1098 1098 1098 1098 1098 1098 1098 1098 1098 1098 1098 1098 1098 1098 1098 1098 1098 1098 1098 1098 1098 1098 1098 1098 1098 1098 1098 1098 1098 1098 1098 1098 1098 1098 1098 1098 1098 1098 1098 1098 1098
1098 1098 1098 1098 1098 1098 1098 1098 1098 1098 1098 1098 1098 1098 1098 1098 1098 1098 1098 1098 1098 1098 1098 1098 1098 1098 1098 1098 1098 1098 1098 1098 1098 1098 1098 1098 1098 1098 1098 1098 1098 1098 1098 1098 1098 1098 1098 1098 1098 1098 1098 1098 1098 1098 1098 1098 1098 1098 1098 1098 1098 1098 1098 1098
1098 1098 1098 1098 1098 1098 1098 1098 1098 1098 1098 1098 1098 1098 1098 1098 1098 1098 1098 1098 1098 1098 1098 1098 1098 1098 1098 1098 1098 1098 1098 1098 1098 1098 1098 1098 1098 1098 1098 1098 1098 1098 1098 1098 1098 1098 1098 1098 1098 1098 1098 1098 1098 1098 1098 1098 1098 1098 1098 1098 1098 1098 1098 1098
1098 1098 1098 1098 1098 1098 1098 1098 1098 1098 1098 1098 1098 1098 1098 1098 1098 1098 1098 1098 1098 1098 1098 1098 1098 1098 1098 1098 1098 1098 1098 1098 1098 1098 1098 1098 1098 1098 1098 1098 1098 1098 1098 1098 1098 1098 1098 1098 1098 1098 1098 1098 1098 1098 1098 1098 1098 1098 1098 1098 1098 1098 1098 1098
1098 1098 1098 1098 1098 1098 1098 1098 1098 1098 1098 1098 1098 1098 1098 1098 1098 1098 1098 1098 1183 1168 1168 1168 1168 1168 1168 1168 1168 1168 1168 1185 1183 1168 1168 1168 1168 1168 1168 1185 1098 1098 1098 1098 1098 1098 1098 1098 1098 1098 1098 1098 1098 1098 1098 1098 1098 1098 1098 1098 1098 1098 1098 1098
1098 1098 1098 1098 1098 1098 1098 1098 1098 1098 1098 1098 1098 1098 1098 1098 1098 1098 1098 1098 1189 1176 1174 1176 1176 1176 1176 1176 1176 1175 1176 1191 1189 1176 1176 1176 1176 1174 1176 1191 1098 1098 1098 1098 1098 1098 1098 1098 1098 1098 1098 1098 1098 1098 1098 1098 1098 1098 1098 1098 1098 1098 1098 1098
1098 1098 1098 1098 1098 1098 1098 1098 1098 1098 1098 1098 1098 1098 1098 1098 1098 1098 1098 1098 1189 1180 1219 1180 1151 1263 1264 1150 1180 1180 1180 1191 1189 1180 1180 1276 1277 1219 1180 1191 1098 1098 1098 1098 1098 1098 1098 1098 1098 1098 1098 1098 1098 1098 1098 1098 1098 1098 1098 1098 1098 1098 1098 1098
1098 1098 1098 1098 1098 1098 1098 1098 1098 1098 1098 1098 1098 1098 1098 1098 1098 1098 1098 1098 1189 1075 1225 1076 1157 1269 1270 1156 1076 1076 1077 1191 1189 1075 1253 1282 1283 1225 1077 1191 1098 1098 1098 1098 1098 1098 1098 1098 1098 1098 1098 1098 1098 1098 1098 1098 1098 1098 1098 1098 1098 1098 1098 1098
1098 1098 1098 1098 1098 1098 1098 1098 1098 1098 1098 1098 1098 1098 1098 1098 1098 1098 1098 1098 1189 1081 1082 1082 1082 1082 1082 1082 1082 1082 1083 1191 1189 1081 1082 1082 1082 1082 1083 1191 1098 1098 1098 1098 1098 1098 1098 1098 1098 1098 1098 1098 1098 1098 1098 1098 1098 1098 1098 1098 1098 1098 1098 1098
1098 1098 1098 1098 1098 1098 1098 1098 1098 1098 1098 1098 1098 1098 1098 1098 1098 1098 1098 1098 1189 1081 1082 1082 1111 1112 1112 1113 1082 1082 1083 1165 1166 1081 1082 1291 1293 1082 1083 1191 1098 1098 1098 1098 1098 1098 1098 1098 1098 1098 1098 1098 1098 1098 1098 1098 1098 1098 1098 1098 1098 1098 1098 1098
1098 1098 1098 1098 1098 1098 1098 1098 1098 1098 1098 1098 1098 1098 1098 1098 1098 1098 1098 1098 1189 1081 1082 1082 1117 1118 1118 1119 1082 1082 1083 1171 1172 1081 1082 1082 1082 1082 1083 1191 1098 1098 1098 1098 1098 1098 1098 1098 1098 1098 1098 1098 1098 1098 1098 1098 1098 1098 1098 1098 1098 1098 1098 1098
1098 1098 1098 1098 1098 1098 1098 1098 1098 1098 1098 1098 1098 1098 1098 1098 1098 1098 1098 1098 1189 1081 1082 1082 1117 1118 1118 1119 1082 1082 1083 1177 1178 1081 1082 1082 1082 1257 1083 1191 1098 1098 1098 1098 1098 1098 1098 1098 1098 1098 1098 1098 1098 1098 1098 1098 1098 1098 1098 1098 1098 1098 1098 1098
1098 1098 1098 1098 1098 1098 1098 1098 1098 1098 1098 1098 1098 1098 1098 1098 1098 1098 1098 1098 1189 1081 1082 1082 1123 1124 1124 1125 1082 1082 1109 1076 1076 1110 1082 1082 1082 1082 1083 1191 1098 1098 1098 1098 1098 1098 1098 1098 1098 1098 1098 1098 1098 1098 1098 1098 1098 1098 1098 1098 1098 1098 1098 1098
1098 1098 1098 1098 1098 1098 1098 1098 1098 1098 1098 1098 1098 1098 1098 1098 1098 1098 1098 1098 1189 1081 1082 1082 1082 1082 1082 1082 1082 1082 1082 1082 1082 1082 1082 1082 1082 1082 1083 1191 1098 1098 1098 1098 1098 1098 1098 1098 1098 1098 1098 1098 1098 1098 1098 1098 1098 1098 1098 1098 1098 1098 1098 1098
1098 1098 1098 1098 1098 1098 1098 1098 1098 1098 1098 1098 1098 1098 1098 1098 1098 1098 1098 1098 1189 1087 1088 1088 1088 1088 1088 1088 1104 1082 1082 1103 1088 1088 1088 1088 1088 1088 1089 1191 1098 1098 1098 1098 1098 1098 1098 1098 1098 1098 1098 1098 1098 1098 1098 1098 1098 1098 1098 1098 1098 1098 1098 1098
1098 1098 1098 1098 1098 1098 1098 1098 1098 1098 1098 1098 1098 1098 1098 1098 1098 1098 1098 1098 1201 1202 1202 1202 1202 1202 1202 1193 1095 1096 1096 1097 1199 1202 1202 1202 1202 1202 1202 1203 1098 1098 1098 1098 1098 1098 1098 1098 1098 1098 1098 1098 1098 1098 1098 1098 1098 1098 1098 1098 1098 1098 1098 1098
1098 1098 1098 1098 1098 1098 1098 1098 1098 1098 1098 1098 1098 1098 1098 1098 1098 1098 1098 1098 1098 1098 1098 1098 1098 1098 1098 1098 1098 1098 1098 1098 1098 1098 1098 1098 1098 1098 1098 1098 1098 1098 1098 1098 1098 1098 1098 1098 1098 1098 1098 1098 1098 1098 1098 1098 1098 1098 1098 1098 1098 1098 1098 1098
1098 1098 1098 1098 1098 1098 1098 1098 1098 1098 1098 1098 1098 1098 1098 1098 1098 1098 1098 1098 1098 1098 1098 1098 1098 1098 1098 1098 1098 1098 1098 1098 1098 1098 1098 1098 1098 1098 1098 1098 1098 1098 1098 1098 1098 1098 1098 1098 1098 1098 1098 1098 1098 1098 1098 1098 1098 1098 1098 1098 1098 1098 1098 1098
1098 1098 1098 1098 1098 1098 1098 1098 1098 1098 1098 1098 1098 1098 1098 1098 1098 1098 1098 1098 1098 1098 1098 1098 1098 1098 1098 1098 1098 1098 1098 1098 1098 1098 1098 1098 1098 1098 1098 1098 1098 1098 1098 1098 1098 1098 1098 1098 1098 1098 1098 1098 1098 1098 1098 1098 1098 1098 1098 1098 1098 1098 1098 1098
1098 1098 1098 1098 1098 1098 1098 1098 1098 1098 1098 1098 1098 1098 1098 1098 1098 1098 1098 1098 1098 1098 1098 1098 1098 1098 1098 1098 1098 1098 1098 1098 1098 1098 1098 1098 1098 1098 1098 1098 1098 1098 1098 1098 1098 1098 1098 1098 1098 1098 1098 1098 1098 1098 1098 1098 1098 1098 1098 1098 1098 1098 1098 1098
1098 1098 1098 1098 1098 1098 1098 1098 1098 1098 1098 1098 1098 1098 1098 1098 1098 1098 1098 1098 1098 1098 1098 1098 1098 1098 1098 1098 1098 1098 1098 1098 1098 1098 1098 1098 1098 1098 1098 1098 1098 1098 1098 1098 1098 1098 1098 1098 1098 1098 1098 1098 1098 1098 1098 1098 1098 1098 1098 1098 1098 1098 1098 1098
1098 1098 1098 1098 1098 1098 1098 1098 1098 1098 1098 1098 1098 1098 1098 1098 1098 1098 1098 1098 1098 1098 1098 1098 1098 1098 1098 1098 1098 1098 1098 1098 1098 1098 1098 1098 1098 1098 1098 1098 1098 1098 1098 1098 1098 1098 1098 1098 1098 1098 1098 1098 1098 1098 1098 1098 1098 1098 1098 1098 1098 1098 1098 1098
1098 1098 1098 1098 1098 1098 1098 1098 1098 1098 1098 1098 1098 1098 1098 1098 1098 1098 1098 1098 1098 1098 1098 1098 1098 1098 1098 1098 1098 1098 1098 1098 1098 1098 1098 1098 1098 1098 1098 1098 1098 1098 1098 1098 1098 1098 1098 1098 1098 1098 1098 1098 1098 1098 1098 1098 1098 1098 1098 1098 1098 1098 1098 1098
1098 1098 1098 1098 1098 1098 1098 1098 1098 1098 1098 1098 1098 1098 1098 1098 1098 1098 1098 1098 1098 1098 1098 1098 1098 1098 1098 1098 1098 1098 1098 1098 1098 1098 1098 1098 1098 1098 1098 1098 1098 1098 1098 1098 1098 1098 1098 1098 1098 1098 1098 1098 1098 1098 1098 1098 1098 1098 1098 1098 1098 1098 1098 1098
1098 1098 1098 1098 1098 1098 1098 1098 1098 1098 1098 1098 1098 1098 1098 1098 1098 1098 1098 1098 1098 1098 1098 1098 1098 1098 1098 1098 1098 1098 1098 1098 1098 1098 1098 1098 1098 1098 1098 1098 1098 1098 1098 1098 1098 1098 1098 1098 1098 1098 1098 1098 1098 1098 1098 1098 1098 1098 1098 1098 1098 1098 1098 1098
1098 1098 1098 1098 1098 1098 1098 1098 1098 1098 1098 1098 1098 1098 1098 1098 1098 1098 1098 1098 1098 1098 1098 1098 1098 1098 1098 1098 1098 1098 1098 1098 1098 1098 1098 1098 1098 1098 1098 1098 1098 1098 1098 1098 1098 1098 1098 1098 1098 1098 1098 1098 1098 1098 1098 1098 1098 1098 1098 1098 1098 1098 1098 1098
1098 1098 1098 1098 1098 1098 1098 1098 1098 1098 1098 1098 1098 1098 1098 1098 1098 1098 1098 1098 1098 1098 1098 1098 1098 1098 1098 1098 1098 1098 1098 1098 1098 1098 1098 1098 1098 1098 1098 1098 1098 1098 1098 1098 1098 1098 1098 1098 1098 1098 1098 1098 1098 1098 1098 1098 1098 1098 1098 1098 1098 1098 1098 1098
1098 1098 1098 1098 1098 1098 1098 1098 1098 1098 1098 1098 1098 1098 1098 1098 1098 1098 1098 1098 1098 1098 1098 1098 1098 1098 1098 1098 1098 1098 1098 1098 1098 1098 1098 1098 1098 1098 1098 1098 1098 1098 1098 1098 1098 1098 1098 1098 1098 1098 1098 1098 1098 1098 1098 1098 1098 1098 1098 1098 1098 1098 1098 1098
1098 1098 1098 1098 1098 1098 1098 1098 1098 1098 1098 1098 1098 1098 1098 1098 1098 1098 1098 1098 1098 1098 1098 1098 1098 1098 1098 1098 1098 1098 1098 1098 1098 1098 1098 1098 1098 1098 1098 1098 1098 1098 1098 1098 1098 1098 1098 1098 1098 1098 1098 1098 1098 1098 1098 1098 1098 1098 1098 1098 1098 1098 1098 1098
1098 1098 1098 1098 1098 1098 1098 1098 1098 1098 1098 1098 1098 1098 1098 1098 1098 1098 1098 1098 1098 1098 1098 1098 1098 1098 1098 1098 1098 1098 1098 1098 1098 1098 1098 1098 1098 1098 1098 1098 1098 1098 1098 1098 1098 1098 1098 1098 1098 1098 1098 1098 1098 1098 1098 1098 1098 1098 1098 1098 1098 1098 1098 1098
1098 1098 1098 1098 1098 1098 1098 1098 1098 1098 1098 1098 1098 1098 1098 1098 1098 1098 1098 1098 1098 1098 1098 1098 1098 1098 1098 1098 1098 1098 1098 1098 1098 1098 1098 1098 1098 1098 1098 1098 1098 1098 1098 1098 1098 1098 1098 1098 1098 1098 1098 1098 1098 1098 1098 1098 1098 1098 1098 1098 1098 1098 1098 1098
1098 1098 1098 1098 1098 1098 1098 1098 1098 1098 1098 1098 1098 1098 1098 1098 1098 1098 1098 1098 1098 1098 1098 1098 1098 1098 1098 1098 1098 1098 1098 1098 1098 1098 1098 1098 1098 1098 1098 1098 1098 1098 1098 1098 1098 1098 1098 1098 1098 1098 1098 1098 1098 1098 1098 1098 1098 1098 1098 1098 1098 1098 1098 1098
1098 1098 1098 1098 1098 1098 1098 1098 1098 1098 1098 1098 1098 1098 1098 1098 1098 1098 1098 1098 1098 1098 1098 1098 1098 1098 1098 1098 1098 1098 1098 1098 1098 1098 1098 1098 1098 1098 1098 1098 1098 1098 1098 1098 1098 1098 1098 1098 1098 1098 1098 1098 1098 1098 1098 1098 1098 1098 1098 1098 1098 1098 1098 1098
1098 1098 1098 1098 1098 1098 1098 1098 1098 1098 1098 1098 1098 1098 1098 1098 1098 1098 1098 1098 1098 1098 1098 1098 1098 1098 1098 1098 1098 1098 1098 1098 1098 1098 1098 1098 1098 1098 1098 1098 1098 1098 1098 1098 1098 1098 1098 1098 1098 1098 1098 1098 1098 1098 1098 1098 1098 1098 1098 1098 1098 1098 1098 1098
1098 1098 1098 1098 1098 1098 1098 1098 1098 1098 1098 1098 1098 1098 1098 1098 1098 1098 1098 1098 1098 1098 1098 1098 1098 1098 1098 1098 1098 1098 1098 1098 1098 1098 1098 1098 1098 1098 1098 1098 1098 1098 1098 1098 1098 1098 1098 1098 1098 1098 1098 1098 1098 1098 1098 1098 1098 1098 1098 1098 1098 1098 1098 1098
1098 1098 1098 1098 1098 1098 1098 1098 1098 1098 1098 1098 1098 1098 1098 1098 1098 1098 1098 1098 1098 1098 1098 1098 1098 1098 1098 1098 1098 1098 1098 1098 1098 1098 1098 1098 1098 1098 1098 1098 1098 1098 1098 1098 1098 1098 1098 1098 1098 1098 1098 1098 1098 1098 1098 1098 1098 1098 1098 1098 1098 1098 1098 1098
1098 1098 1098 1098 1098 1098 1098 1098 1098 1098 1098 1098 1098 1098 1098 1098 1098 1098 1098 1098 1098 1098 1098 1098 1098 1098 1098 1098 1098 1098 1098 1098 1098 1098 1098 1098 1098 1098 1098 1098 1098 1098 1098 1098 1098 1098 1098 1098 1098 1098 1098 1098 1098 1098 1098 1098 1098 1098 1098 1098 1098 1098 1098 1098
1098 1098 1098 1098 1098 1098 1098 1098 1098 1098 1098 1098 1098 1098 1098 1098 1098 1098 1098 1098 1098 1098 1098 1098 1098 1098 1098 1098 1098 1098 1098 1098 1098 1098 1098 1098 1098 1098 1098 1098 1098 1098 1098 1098 1098 1098 1098 1098 1098 1098 1098 1098 1098 1098 1098 1098 1098 1098 1098 1098 1098 1098 1098 1098
1098 1098 1098 1098 1098 1098 1098 1098 1098 1098 1098 1098 1098 1098 1098 1098 1098 1098 1098 1098 1098 1098 1098 1098 1098 1098 1098 1098 1098 1098 1098 1098 1098 1098 1098 1098 1098 1098 1098 1098 1098 1098 1098 1098 1098 1098 1098 1098 1098 1098 1098 1098 1098 1098 1098 1098 1098 1098 1098 1098 1098 1098 1098 1098