1098 1098 1098 1098 1098 1098 1098 1098 1098 1098 1098 1098 1098 1098 1098 1098 1098 1098 1098 1098 1098 1098 1098 1098 1098 1098 1098 1098 1098 1098 1098 1098 1098 1098 1098 1098 1098 1098 1098 1098 1098 1098 1098 1098 1098 1098 1098 1098 1098 1098 1098 1098 1098 1098 1098 1098 1098 1098 1098 1098 1098 1098 1098 1098
1098 1098 1098 1098 1098 1098 1098 1098 1098 1098 1098 1098 1098 1098 1098 1098 1098 1098 1098 1098 1098 1098 1098 1098 1098 1098 1098 1098 1098 1098 1098 1098 1098 1098 1098 1098 1098 1098 1098 1098 1098 1098 1098 1098 1098 1098 1098 1098 1098 1098 1098 1098 1098 1098 1098 1098 1098 1098 1098 1098 1098 1098 1098 1098
1098 1098 1098 1098 1098 1098 1098 1098 1098 1098 1098 1098 1098 1098 1098 1098 1098 1098 1098 1098 1098 1098 1098 1098 1098 1098 1098 1098 1098 1098 1098 1098 1098 1098 1098 1098 1098 1098 1098 1098 1098 1098 1098 1098 1098 1098 1098 1098 1098 1098 1098 1098 1098 1098 1098 1098 1098 1098 1098 1098 1098 1098 1098 1098
1098 1098 1098 1098 1098 1098 1098 1098 1098 1098 1098 1098 1098 1098 1098 1098 1098 1098 1098 1098 1098 1098 1098 1098 1098 1098 1098 1098 1098 1098 1098 1098 1098 1098 1098 1098 1098 1098 1098 1098 1098 1098 1098 1098 1098 1098 1098 1098 1098 1098 1098 1098 1098 1098 1098 1098 1098 1098 1098 1098 1098 1098 1098 1098
1098 1098 1098 1098 1098 1098 1098 1098 1098 1098 1098 1098 1098 1098 1098 1098 1098 1098 1098 1098 1098 1098 1098 1098 1098 1098 1098 1098 1098 1098 1098 1098 1098 1098 1098 1098 1098 1098 1098 1098 1098 1098 1098 1098 1098 1098 1098 1098 1098 1098 1098 1098 1098 1098 1098 1098 1098 1098 1098 1098 1098 1098 1098 1098
1098 1098 1098 1098 1098 1098 1098 1098 1098 1098 1098 1098 1098 1098 1098 1098 1098 1098 1098 1098 1098 1098 1098 1098 1098 1098 1098 1098 1098 1098 1098 1098 1098 1098 1098 1098 1098 1098 1098 1098 1098 1098 1098 1098 1098 1098 1098 1098 1098 1098 1098 1098 1098 1098 1098 1098 1098 1098 1098 1098 1098 1098 1098 1098
1098 1098 1098 1098 1098 1098 1098 1098 1098 1098 1098 1098 1098 1098 1098 1098 1098 1098 1098 1098 1098 1098 1098 1098 1098 1098 1098 1098 1098 1098 1098 1098 1098 1098 1098 1098 1098 1098 1098 1098 1098 1098 1098 1098 1098 1098 1098 1098 1098 1098 1098 1098 1098 1098 1098 1098 1098 1098 1098 1098 1098 1098 1098 1098
1098 1098 1098 1098 1098 1098 1098 1098 1098 1098 1098 1098 1098 1098 1098 1098 1098 1098 1098 1098 1098 1098 1098 1098 1098 1098 1098 1098 1098 1098 1098 1098 1098 1098 1098 1098 1098 1098 1098 1098 1098 1098 1098 1098 1098 1098 1098 1098 1098 1098 1098 1098 1098 1098 1098 1098 1098 1098 1098 1098 1098 1098 1098 1098
1098 1098 1098 1098 1098 1098 1098 1098 1098 1098 1098 1098 1098 1098 1098 1098 1098 1098 1098 1098 1098 1098 1098 1098 1098 1098 1098 1098 1098 1098 1098 1098 1098 1098 1098 1098 1098 1098 1098 1098 1098 1098 1098 1098 1098 1098 1098 1098 1098 1098 1098 1098 1098 1098 1098 1098 1098 1098 1098 1098 1098 1098 1098 1098
1098 1098 1098 1098 1098 1098 1098 1098 1098 1098 1098 1098 1098 1098 1098 1098 1098 1098 1098 1098 1098 1098 1098 1098 1098 1098 1098 1098 1098 1098 1098 1098 1098 1098 1098 1098 1098 1098 1098 1098 1098 1098 1098 1098 1098 1098 1098 1098 1098 1098 1098 1098 1098 1098 1098 1098 1098 1098 1098 1098 1098 1098 1098 1098
1098 1098 1098 1098 1098 1098 1098 1098 1098 1098 1098 1098 1098 1098 1098 1098 1098 1098 1098 1098 1098 1098 1098 1098 1098 1098 1098 1098 1098 1098 1098 1098 1098 1098 1098 1098 1098 1098 1098 1098 1098 1098 1098 1098 1098 1098 1098 1098 1098 1098 1098 1098 1098 1098 1098 1098 1098 1098 1098 1098 1098 1098 1098 1098
1098 1098 1098 1098 1098 1098 1098 1098 1098 1098 1098 1098 1098 1098 1098 1098 1098 1098 1098 1098 1098 1098 1098 1098 1098 1098 1098 1098 1098 1098 1098 1098 1098 1098 1098 1098 1098 1098 1098 1098 1098 1098 1098 1098 1098 1098 1098 1098 1098 1098 1098 1098 1098 1098 1098 1098 1098 1098 1098 1098 1098 1098 1098 1098
1098 1098 1098 1098 1098 1098 1098 1098 1098 1098 1098 1098 1098 1098 1098 1098 1098 1098 1098 1098 1098 1098 1098 1098 1098 1098 1098 1098 1098 1098 1098 1098 1098 1098 1098 1098 1098 1098 1098 1098 1098 1098 1098 1098 1098 1098 1098 1098 1098 1098 1098 1098 1098 1098 1098 1098 1098 1098 1098 1098 1098 1098 1098 1098
1098 1098 1098 1098 1098 1098 1098 1098 1098 1098 1098 1098 1098 1098 1098 1098 1098 1098 1098 1098 1098 1098 1098 1098 1098 1098 1098 1098 1098 1098 1098 1098 1098 1098 1098 1098 1098 1098 1098 1098 1098 1098 1098 1098 1098 1098 1098 1098 1098 1098 1098 1098 1098 1098 1098 1098 1098 1098 1098 1098 1098 1098 1098 1098
1098 1098 1098 1098 1098 1098 1098 1098 1098 1098 1098 1098 1098 1098 1098 1098 1098 1098 1098 1098 1098 1098 1098 1098 1098 1098 1098 1098 1098 1098 1098 1098 1098 1098 1098 1098 1098 1098 1098 1098 1098 1098 1098 1098 1098 1098 1098 1098 1098 1098 1098 1098 1098 1098 1098 1098 1098 1098 1098 1098 1098 1098 1098 1098
1098 1098 1098 1098 1098 1098 1098 1098 1098 1098 1098 1098 1098 1098 1098 1098 1098 1098 1098 1098 1098 1098 1098 1098 1098 1098 1098 1098 1098 1098 1098 1098 1098 1098 1098 1098 1098 1098 1098 1098 1098 1098 1098 1098 1098 1098 1098 1098 1098 1098 1098 1098 1098 1098 1098 1098 1098 1098 1098 1098 1098 1098 1098 1098
1098 1098 1098 1098 1098 1098 1098 1098 1098 1098 1098 1098 1098 1098 1098 1098 1098 1098 1098 1098 1098 1098 1098 1098 1098 1098 1098 1098 1098 1098 1098 1098 1098 1098 1098 1098 1098 1098 1098 1098 1098 1098 1098 1098 1098 1098 1098 1098 1098 1098 1098 1098 1098 1098 1098 1098 1098 1098 1098 1098 1098 1098 1098 1098
1098 1098 1098 1098 1098 1098 1098 1098 1098 1098 1098 1098 1098 1098 1098 1098 1098 1098 1098 1098 1098 1098 1098 1098 1098 1098 1098 1098 1098 1098 1098 1098 1098 1098 1098 1098 1098 1098 1098 1098 1098 1098 1098 1098 1098 1098 1098 1098 1098 1098 1098 1098 1098 1098 1098 1098 1098 1098 1098 1098 1098 1098 1098 1098
1098 1098 1098 1098 1098 1098 1098 1098 1098 1098 1098 1098 1098 1098 1098 1098 1098 1098 1098 1098 1098 1098 1098 1098 1098 1098 1098 1098 1098 1098 1098 1098 1098 1098 1098 1098 1098 1098 1098 1098 1098 1098 1098 1098 1098 1098 1098 1098 1098 1098 1098 1098 1098 1098 1098 1098 1098 1098 1098 1098 1098 1098 1098 1098
1098 1098 1098 1098 1098 1098 1098 1098 1098 1098 1098 1098 1098 1098 1098 1098 1098 1098 1098 1098 1098 1098 1098 1098 1098 1098 1098 1098 1098 1098 1098 1098 1098 1098 1098 1098 1098 1098 1098 1098 1098 1098 1098 1098 1098 1098 1098 1098 1098 1098 1098 1098 1098 1098 1098 1098 1098 1098 1098 1098 1098 1098 1098 1098
1098 1098 1098 1098 1098 1098 1098 1098 1098 1098 1098 1098 1098 1098 1098 1098 1098 1098 1098 1098 1098 1098 1098 1098 1098 1098 1098 1098 1098 1098 1098 1098 1098 1098 1098 1098 1098 1098 1098 1098 1098 1098 1098 1098 1098 1098 1098 1098 1098 1098 1098 1098 1098 1098 1098 1098 1098 1098 1098 1098 1098 1098 1098 1098
1098 1098 1098 1098 1098 1098 1098 1098 1098 1098 1098 1098 1098 1098 1098 1098 1098 1098 1098 1098 1098 1098 1098 1098 1098 1098 1098 1098 1098 1098 1098 1098 1098 1098 1098 1098 1098 1098 1098 1098 1098 1098 1098 1098 1098 1098 1098 1098 1098 1098 1098 1098 1098 1098 1098 1098 1098 1098 1098 1098 1098 1098 1098 1098
1098 1098 1098 1098 1098 1098 1098 1098 1098 1098 1098 1098 1098 1098 1098 1098 1098 1098 1098 1098 1098 1098 1098 1098 1098 1098 1098 1098 1098 1098 1098 1098 1098 1098 1098 1098 1098 1098 1098 1098 1098 1098 1098 1098 1098 1098 1098 1098 1098 1098 1098 1098 1098 1098 1098 1098 1098 1098 1098 1098 1098 1098 1098 1098
1098 1098 1098 1098 1098 1098 1098 1098 1098 1098 1098 1098 1098 1098 1098 1098 1098 1098 1098 1098 1098 1098 1098 1098 1098 1098 1098 1098 1098 1098 1098 1098 1098 1098 1098 1098 1098 1098 1098 1098 1098 1098 1098 1098 1098 1098 1098 1098 1098 1098 1098 1098 1098 1098 1098 1098 1098 1098 1098 1098 1098 1098 1098 1098
1098 1098 1098 1098 1098 1098 1098 1098 1098 1098 1098 1098 1098 1098 1098 1098 1098 1098 1098 1098 1098 1098 1098 1098 1098 1098 1098 1098 1098 1098 1098 1098 1098 1098 1098 1098 1098 1098 1098 1098 1098 1098 1098 1098 1098 1098 1098 1098 1098 1098 1098 1098 1098 1098 1098 1098 1098 1098 1098 1098 1098 1098 1098 1098
1098 1098 1098 1098 1098 1098 1098 1098 1098 1098 1098 1098 1098 1098 1098 1098 1098 1098 1098 1098 1098 1098 1098 1098 1098 1098 1098 1098 1098 1098 1098 1098 1098 1098 1098 1098 1098 1098 1098 1098 1098 1098 1098 1098 1098 1098 1098 1098 1098 1098 1098 1098 1098 1098 1098 1098 1098 1098 1098 1098 1098 1098 1098 1098
1098 1098 1098 1098 1098 1098 1098 1098 1098 1098 1098 1098 1098 1098 1098 1098 1098 1098 1098 1098 1098 1098 1098 1098 1098 1098 1098 1098 1098 1098 1098 1098 1098 1098 1098 1098 1098 1098 1098 1098 1098 1098 1098 1098 1098 1098 1098 1098 1098 1098 1098 1098 1098 1098 1098 1098 1098 1098 1098 1098 1098 1098 1098 1098
1098 1098 1098 1098 1098 1098 1098 1098 1098 1098 1098 1098 1098 1098 1098 1098 1098 1098 1098 1098 1098 1098 1098 1098 1098 1098 1098 1098 1098 1098 1098 1098 1098 1098 1098 1098 1098 1098 1098 1098 1098 1098 1098 1098 1098 1098 1098 1098 1098 1098 1098 1098 1098 1098 1098 1098 1098 1098 1098 1098 1098 1098 1098 1098
1098 1098 1098 1098 1098 1098 1098 1098 1098 1098 1098 1098 1098 1098 1098 1098 1098 1098 1098 1098 1098 1098 1098 1098 1098 1098 1098 1098 1098 1098 1098 1098 1098 1098 1098 1098 1098 1098 1098 1098 1098 1098 1098 1098 1098 1098 1098 1098 1098 1098 1098 1098 1098 1098 1098 1098 1098 1098 1098 1098 1098 1098 1098 1098
1098 1098 1098 1098 1098 1098 1098 1098 1098 1098 1098 1098 1098 1098 1098 1098 1098 1098 1098 1098 1098 1098 1098 1098 1098 1098 1098 1098 1098 1098 1098 1098 1098 1098 1098 1098 1098 1098 1098 1098 1098 1098 1098 1098 1098 1098 1098 1098 1098 1098 1098 1098 1098 1098 1098 1098 1098 1098 1098 1098 1098 1098 1098 1098
1098 1098 1098 1098 1098 1098 1098 1098 1098 1098 1098 1098 1098 1098 1098 1098 1098 1098 1098 1098 1098 1098 1098 1098 1098 1098 1098 1098 1098 1098 1098 1098 1098 1098 1098 1098 1098 1098 1098 1098 1098 1098 1098 1098 1098 1098 1098 1098 1098 1098 1098 1098 1098 1098 1098 1098 1098 1098 1098 1098 1098 1098 1098 1098
1098 1098 1098 1098 1098 1098 1098 1098 1098 1098 1098 1098 1098 1098 1098 1098 1098 1098 1098 1098 1098 1098 1098 1098 1098 1098 1098 1098 1098 1098 1098 1098 1098 1098 1098 1098 1098 1098 1098 1098 1098 1098 1098 1098 1098 1098 1098 1098 1098 1098 1098 1098 1098 1098 1098 1098 1098 1098 1098 1098 1098 1098 1098 1098
1098 1098 1098 1098 1098 1098 1098 1098 1098 1098 1098 1098 1098 1098 1098 1098 1098 1098 1098 1098 1098 1098 1098 1098 1098 1098 1098 1098 1098 1098 1098 1098 1098 1098 1098 1098 1098 1098 1098 1098 1098 1098 1098 1098 1098 1098 1098 1098 1098 1098 1098 1098 1098 1098 1098 1098 1098 1098 1098 1098 1098 1098 1098 1098
1098 1098 1098 1098 1098 1098 1098 1098 1098 1098 1098 1098 1098 1098 1098 1098 1098 1098 1098 1098 1098 1098 1098 1098 1098 1098 1098 1098 1098 1098 1098 1098 1098 1098 1098 1098 1098 1098 1098 1098 1098 1098 1098 1098 1098 1098 1098 1098 1098 1098 1098 1098 1098 1098 1098 1098 1098 1098 1098 1098 1098 1098 1098 1098
1098 1098 1098 1098 1098 1098 1098 1098 1098 1098 1098 1098 1098 1098 1098 1098 1098 1098 1098 1098 1098 1098 1098 1098 1098 1098 1098 1098 1098 1098 1098 1098 1098 1098 1098 1098 1098 1098 1098 1098 1098 1098 1098 1098 1098 1098 1098 1098 1098 1098 1098 1098 1098 1098 1098 1098 1098 1098 1098 1098 1098 1098 1098 1098
1098 1098 1098 1098 1098 1098 1098 1098 1098 1098 1098 1098 1098 1098 1098 1098 1098 1098 1098 1098 1098 1098 1098 1098 1098 1098 1098 1098 1098 1098 1098 1098 1098 1098 1098 1098 1098 1098 1098 1098 1098 1098 1098 1098 1098 1098 1098 1098 1098 1098 1098 1098 1098 1098 1098 1098 1098 1098 1098 1098 1098 1098 1098 1098
1098 1098 1098 1098 1098 1098 1098 1098 1098 1098 1098 1098 1098 1098 1098 1098 1098 1098 1098 1098 1098 1098 1098 1098 1098 1098 1098 1098 1098 1098 1098 1098 1098 1098 1098 1098 1098 1098 1098 1098 1098 1098 1098 1098 1098 1098 1098 1098 1098 1098 1098 1098 1098 1098 1098 1098 1098 1098 1098 1098 1098 1098 1098 1098
1098 1098 1098 1098 1098 1098 1098 1098 1098 1098 1098 1098 1098 1098 1098 1098 1098 1098 1098 1183 1168 1168 1168 1168 1168 1168 1168 1168 1168 1168 1185 1098 1098 1098 1098 1098 1098 1098 1098 1098 1098 1098 1098 1098 1098 1098 1098 1098 1098 1098 1098 1098 1098 1098 1098 1098 1098 1098 1098 1098 1098 1098 1098 1098
1098 1098 1098 1098 1098 1098 1098 1098 1098 1098 1098 1098 1098 1098 1098 1098 1098 1098 1098 1189 1171 1172 1171 1172 1171 1172 1174 1172 1171 1172 1191 1098 1098 1098 1098 1098 1098 1098 1098 1098 1098 1098 1098 1098 1098 1098 1098 1098 1098 1098 1098 1098 1098 1098 1098 1098 1098 1098 1098 1098 1098 1098 1098 1098
1098 1098 1098 1098 1098 1098 1098 1098 1098 1098 1098 1098 1098 1098 1098 1098 1098 1098 1098 1189 1180 1235 1236 1219 1261 1262 1180 1276 1277 1180 1191 1098 1098 1098 1098 1098 1098 1098 1098 1098 1098 1098 1098 1098 1098 1098 1098 1098 1098 1098 1098 1098 1098 1098 1098 1098 1098 1098 1098 1098 1098 1098 1098 1098
1098 1098 1098 1098 1098 1098 1098 1098 1098 1098 1098 1098 1098 1098 1098 1098 1098 1098 1098 1189 1075 1241 1242 1225 1267 1268 1253 1282 1283 1077 1191 1098 1098 1098 1098 1098 1098 1098 1098 1098 1098 1098 1098 1098 1098 1098 1098 1098 1098 1098 1098 1098 1098 1098 1098 1098 1098 1098 1098 1098 1098 1098 1098 1098
1098 1098 1098 1098 1098 1098 1098 1098 1098 1098 1098 1098 1098 1098 1098 1098 1098 1098 1098 1189 1081 1247 1248 1082 1256 1082 1082 1082 1082 1083 1191 1098 1098 1098 1098 1098 1098 1098 1098 1098 1098 1098 1098 1098 1098 1098 1098 1098 1098 1098 1098 1098 1098 1098 1098 1098 1098 1098 1098 1098 1098 1098 1098 1098
1098 1098 1098 1098 1098 1098 1098 1098 1098 1098 1098 1098 1098 1098 1098 1098 1098 1098 1098 1189 1081 1082 1082 1082 1082 1082 1082 1291 1293 1083 1191 1098 1098 1098 1098 1098 1098 1098 1098 1098 1098 1098 1098 1098 1098 1098 1098 1098 1098 1098 1098 1098 1098 1098 1098 1098 1098 1098 1098 1098 1098 1098 1098 1098
1098 1098 1098 1098 1098 1098 1098 1098 1098 1098 1098 1098 1098 1098 1098 1098 1098 1098 1098 1189 1081 1255 1082 1101 1102 1082 1082 1082 1082 1083 1191 1098 1098 1098 1098 1098 1098 1098 1098 1098 1098 1098 1098 1098 1098 1098 1098 1098 1098 1098 1098 1098 1098 1098 1098 1098 1098 1098 1098 1098 1098 1098 1098 1098
1098 1098 1098 1098 1098 1098 1098 1098 1098 1098 1098 1098 1098 1098 1098 1098 1098 1098 1098 1189 1081 1082 1082 1107 1108 1082 1082 1082 1082 1083 1191 1098 1098 1098 1098 1098 1098 1098 1098 1098 1098 1098 1098 1098 1098 1098 1098 1098 1098 1098 1098 1098 1098 1098 1098 1098 1098 1098 1098 1098 1098 1098 1098 1098
1098 1098 1098 1098 1098 1098 1098 1098 1098 1098 1098 1098 1098 1098 1098 1098 1098 1098 1098 1189 1087 1273 1275 1088 1088 1088 1088 1104 1103 1089 1191 1098 1098 1098 1098 1098 1098 1098 1098 1098 1098 1098 1098 1098 1098 1098 1098 1098 1098 1098 1098 1098 1098 1098 1098 1098 1098 1098 1098 1098 1098 1098 1098 1098
1098 1098 1098 1098 1098 1098 1098 1098 1098 1098 1098 1098 1098 1098 1098 1098 1098 1098 1098 1201 1202 1202 1202 1202 1202 1202 1193 1095 1097 1199 1203 1098 1098 1098 1098 1098 1098 1098 1098 1098 1098 1098 1098 1098 1098 1098 1098 1098 1098 1098 1098 1098 1098 1098 1098 1098 1098 1098 1098 1098 1098 1098 1098 1098
1098 1098 1098 1098 1098 1098 1098 1098 1098 1098 1098 1098 1098 1098 1098 1098 1098 1098 1098 1098 1098 1098 1098 1098 1098 1098 1098 1098 1098 1098 1098 1098 1098 1098 1098 1098 1098 1098 1098 1098 1098 1098 1098 1098 1098 1098 1098 1098 1098 1098 1098 1098 1098 1098 1098 1098 1098 1098 1098 1098 1098 1098 1098 1098
1098 1098 1098 1098 1098 1098 1098 1098 1098 1098 1098 1098 1098 1098 1098 1098 1098 1098 1098 1098 1098 1098 1098 1098 1098 1098 1098 1098 1098 1098 1098 1098 1098 1098 1098 1098 1098 1098 1098 1098 1098 1098 1098 1098 1098 1098 1098 1098 1098 1098 1098 1098 1098 1098 1098 1098 1098 1098 1098 1098 1098 1098 1098 1098
1098 1098 1098 1098 1098 1098 1098 1098 1098 1098 1098 1098 1098 1098 1098 1098 1098 1098 1098 1098 1098 1098 1098 1098 1098 1098 1098 1098 1098 1098 1098 1098 1098 1098 1098 1098 1098 1098 1098 1098 1098 1098 1098 1098 1098 1098 1098 1098 1098 1098 1098 1098 1098 1098 1098 1098 1098 1098 1098 1098 1098 1098 1098 1098
1098 1098 1098 1098 1098 1098 1098 1098 1098 1098 1098 1098 1098 1098 1098 1098 1098 1098 1098 1098 1098 1098 1098 1098 1098 1098 1098 1098 1098 1098 1098 1098 1098 1098 1098 1098 1098 1098 1098 1098 1098 1098 1098 1098 1098 1098 1098 1098 1098 1098 1098 1098 1098 1098 1098 1098 1098 1098 1098 1098 1098 1098 1098 1098
1098 1098 1098 1098 1098 1098 1098 1098 1098 1098 1098 1098 1098 1098 1098 1098 1098 1098 1098 1098 1098 1098 1098 1098 1098 1098 1098 1098 1098 1098 1098 1098 1098 1098 1098 1098 1098 1098 1098 1098 1098 1098 1098 1098 1098 1098 1098 1098 1098 1098 1098 1098 1098 1098 1098 1098 1098 1098 1098 1098 1098 1098 1098 1098
1098 1098 1098 1098 1098 1098 1098 1098 1098 1098 1098 1098 1098 1098 1098 1098 1098 1098 1098 1098 1098 1098 1098 1098 1098 1098 1098 1098 1098 1098 1098 1098 1098 1098 1098 1098 1098 1098 1098 1098 1098 1098 1098 1098 1098 1098 1098 1098 1098 1098 1098 1098 1098 1098 1098 1098 1098 1098 1098 1098 1098 1098 1098 1098
1098 1098 1098 1098 1098 1098 1098 1098 1098 1098 1098 1098 1098 1098 1098 1098 1098 1098 1098 1098 1098 1098 1098 1098 1098 1098 1098 1098 1098 1098 1098 1098 1098 1098 1098 1098 1098 1098 1098 1098 1098 1098 1098 1098 1098 1098 1098 1098 1098 1098 1098 1098 1098 1098 1098 1098 1098 1098 1098 1098 1098 1098 1098 1098
1098 1098 1098 1098 1098 1098 1098 1098 1098 1098 1098 1098 1098 1098 1098 1098 1098 1098 1098 1098 1098 1098 1098 1098 1098 1098 1098 1098 1098 1098 1098 1098 1098 1098 1098 1098 1098 1098 1098 1098 1098 1098 1098 1098 1098 1098 1098 1098 1098 1098 1098 1098 1098 1098 1098 1098 1098 1098 1098 1098 1098 1098 1098 1098
1098 1098 1098 1098 1098 1098 1098 1098 1098 1098 1098 1098 1098 1098 1098 1098 1098 1098 1098 1098 1098 1098 1098 1098 1098 1098 1098 1098 1098 1098 1098 1098 1098 1098 1098 1098 1098 1098 1098 1098 1098 1098 1098 1098 1098 1098 1098 1098 1098 1098 1098 1098 1098 1098 1098 1098 1098 1098 1098 1098 1098 1098 1098 1098
1098 1098 1098 1098 1098 1098 1098 1098 1098 1098 1098 1098 1098 1098 1098 1098 1098 1098 1098 1098 1098 1098 1098 1098 1098 1098 1098 1098 1098 1098 1098 1098 1098 1098 1098 1098 1098 1098 1098 1098 1098 1098 1098 1098 1098 1098 1098 1098 1098 1098 1098 1098 1098 1098 1098 1098 1098 1098 1098 1098 1098 1098 1098 1098
1098 1098 1098 1098 1098 1098 1098 1098 1098 1098 1098 1098 1098 1098 1098 1098 1098 1098 1098 1098 1098 1098 1098 1098 1098 1098 1098 1098 1098 1098 1098 1098 1098 1098 1098 1098 1098 1098 1098 1098 1098 1098 1098 1098 1098 1098 1098 1098 1098 1098 1098 1098 1098 1098 1098 1098 1098 1098 1098 1098 1098 1098 1098 1098
1098 1098 1098 1098 1098 1098 1098 1098 1098 1098 1098 1098 1098 1098 1098 1098 1098 1098 1098 1098 1098 1098 1098 1098 1098 1098 1098 1098 1098 1098 1098 1098 1098 1098 1098 1098 1098 1098 1098 1098 1098 1098 1098 1098 1098 1098 1098 1098 1098 1098 1098 1098 1098 1098 1098 1098 1098 1098 1098 1098 1098 1098 1098 1098
1098 1098 1098 1098 1098 1098 1098 1098 1098 1098 1098 1098 1098 1098 1098 1098 1098 1098 1098 1098 1098 1098 1098 1098 1098 1098 1098 1098 1098 1098 1098 1098 1098 1098 1098 1098 1098 1098 1098 1098 1098 1098 1098 1098 1098 1098 1098 1098 1098 1098 1098 1098 1098 1098 1098 1098 1098 1098 1098 1098 1098 1098 1098 1098
1098 1098 1098 1098 1098 1098 1098 1098 1098 1098 1098 1098 1098 1098 1098 1098 1098 1098 1098 1098 1098 1098 1098 1098 1098 1098 1098 1098 1098 1098 1098 1098 1098 1098 1098 1098 1098 1098 1098 1098 1098 1098 1098 1098 1098 1098 1098 1098 1098 1098 1098 1098 1098 1098 1098 1098 1098 1098 1098 1098 1098 1098 1098 1098
1098 1098 1098 1098 1098 1098 1098 1098 1098 1098 1098 1098 1098 1098 1098 1098 1098 1098 1098 1098 1098 1098 1098 1098 1098 1098 1098 1098 1098 1098 1098 1098 1098 1098 1098 1098 1098 1098 1098 1098 1098 1098 1098 1098 1098 1098 1098 1098 1098 1098 1098 1098 1098 1098 1098 1098 1098 1098 1098 1098 1098 1098 1098 1098
1098 1098 1098 1098 1098 1098 1098 1098 1098 1098 1098 1098 1098 1098 1098 1098 1098 1098 1098 1098 1098 1098 1098 1098 1098 1098 1098 1098 1098 1098 1098 1098 1098 1098 1098 1098 1098 1098 1098 1098 1098 1098 1098 1098 1098 1098 1098 1098 1098 1098 1098 1098 1098 1098 1098 1098 1098 1098 1098 1098 1098 1098 1098 1098
1098 1098 1098 1098 1098 1098 1098 1098 1098 1098 1098 1098 1098 1098 1098 1098 1098 1098 1098 1098 1098 1098 1098 1098 1098 1098 1098 1098 1098 1098 1098 1098 1098 1098 1098 1098 1098 1098 1098 1098 1098 1098 1098 1098 1098 1098 1098 1098 1098 1098 1098 1098 1098 1098 1098 1098 1098 1098 1098 1098 1098 1098 1098 1098