1098 1098 1098 1098 1098 1098 1098 1098 1098 1098 1098 1098 1098 1098 1098 1098 1098 1098 1098 1098 1098 1098 1098 1098 1098 1098 1098 1098 1098 1098 1098 1098 1098 1098 1098 1098 1098 1098 1098 1098 1098 1098 1098 1098 1098 1098 1098 1098 1098 1098 1098 1098 1098 1098 1098 1098 1098 1098 1098 1098 1098 1098 1098 1098
1098 1098 1098 1098 1098 1098 1098 1098 1098 1098 1098 1098 1098 1098 1098 1098 1098 1098 1098 1098 1098 1098 1098 1098 1098 1098 1098 1098 1098 1098 1098 1098 1098 1098 1098 1098 1098 1098 1098 1098 1098 1098 1098 1098 1098 1098 1098 1098 1098 1098 1098 1098 1098 1098 1098 1098 1098 1098 1098 1098 1098 1098 1098 1098
1098 1098 1098 1098 1098 1098 1098 1098 1098 1098 1098 1098 1098 1098 1098 1098 1098 1098 1098 1098 1098 1098 1098 1098 1098 1098 1098 1098 1098 1098 1098 1098 1098 1098 1098 1098 1098 1098 1098 1098 1098 1098 1098 1098 1098 1098 1098 1098 1098 1098 1098 1098 1098 1098 1098 1098 1098 1098 1098 1098 1098 1098 1098 1098
1098 1098 1098 1098 1098 1098 1098 1098 1098 1098 1098 1098 1098 1098 1098 1098 1098 1098 1098 1098 1098 1098 1098 1098 1098 1098 1098 1098 1098 1098 1098 1098 1098 1098 1098 1098 1098 1098 1098 1098 1098 1098 1098 1098 1098 1098 1098 1098 1098 1098 1098 1098 1098 1098 1098 1098 1098 1098 1098 1098 1098 1098 1098 1098
1098 1098 1098 1098 1098 1098 1098 1098 1098 1098 1098 1098 1098 1098 1098 1098 1098 1098 1098 1098 1098 1098 1098 1098 1098 1098 1098 1098 1098 1098 1098 1098 1098 1098 1098 1098 1098 1098 1098 1098 1098 1098 1098 1098 1098 1098 1098 1098 1098 1098 1098 1098 1098 1098 1098 1098 1098 1098 1098 1098 1098 1098 1098 1098
1098 1098 1098 1098 1098 1098 1098 1098 1098 1098 1098 1098 1098 1098 1098 1098 1098 1098 1098 1098 1098 1098 1098 1098 1098 1098 1098 1098 1098 1098 1098 1098 1098 1098 1098 1098 1098 1098 1098 1098 1098 1098 1098 1098 1098 1098 1098 1098 1098 1098 1098 1098 1098 1098 1098 1098 1098 1098 1098 1098 1098 1098 1098 1098
1098 1098 1098 1098 1098 1098 1098 1098 1098 1098 1098 1098 1098 1098 1098 1098 1098 1098 1098 1098 1098 1098 1098 1098 1098 1098 1098 1098 1098 1098 1098 1098 1098 1098 1098 1098 1098 1098 1098 1098 1098 1098 1098 1098 1098 1098 1098 1098 1098 1098 1098 1098 1098 1098 1098 1098 1098 1098 1098 1098 1098 1098 1098 1098
1098 1098 1098 1098 1098 1098 1098 1098 1098 1098 1098 1098 1098 1098 1098 1098 1098 1098 1098 1098 1098 1098 1098 1098 1098 1098 1098 1098 1098 1098 1098 1098 1098 1098 1098 1098 1098 1098 1098 1098 1098 1098 1098 1098 1098 1098 1098 1098 1098 1098 1098 1098 1098 1098 1098 1098 1098 1098 1098 1098 1098 1098 1098 1098
1098 1098 1098 1098 1098 1098 1098 1098 1098 1098 1098 1098 1098 1098 1098 1098 1098 1098 1098 1098 1098 1098 1098 1098 1098 1098 1098 1098 1098 1098 1098 1098 1098 1098 1098 1098 1098 1098 1098 1098 1098 1098 1098 1098 1098 1098 1098 1098 1098 1098 1098 1098 1098 1098 1098 1098 1098 1098 1098 1098 1098 1098 1098 1098
1098 1098 1098 1098 1098 1098 1098 1098 1098 1098 1098 1098 1098 1098 1098 1098 1098 1098 1098 1098 1098 1098 1098 1098 1098 1098 1098 1098 1098 1098 1098 1098 1098 1098 1098 1098 1098 1098 1098 1098 1098 1098 1098 1098 1098 1098 1098 1098 1098 1098 1098 1098 1098 1098 1098 1098 1098 1098 1098 1098 1098 1098 1098 1098
1098 1098 1098 1098 1098 1098 1098 1098 1098 1098 1098 1098 1098 1098 1098 1098 1098 1098 1098 1098 1098 1098 1098 1098 1098 1098 1098 1098 1098 1098 1098 1098 1098 1098 1098 1098 1098 1098 1098 1098 1098 1098 1098 1098 1098 1098 1098 1098 1098 1098 1098 1098 1098 1098 1098 1098 1098 1098 1098 1098 1098 1098 1098 1098
1098 1098 1098 1098 1098 1098 1098 1098 1098 1098 1098 1098 1098 1098 1098 1098 1098 1098 1098 1098 1098 1098 1098 1098 1098 1098 1098 1098 1098 1098 1098 1098 1098 1098 1098 1098 1098 1098 1098 1098 1098 1098 1098 1098 1098 1098 1098 1098 1098 1098 1098 1098 1098 1098 1098 1098 1098 1098 1098 1098 1098 1098 1098 1098
1098 1098 1098 1098 1098 1098 1098 1098 1098 1098 1098 1098 1098 1098 1098 1098 1098 1098 1098 1098 1098 1098 1098 1098 1098 1098 1098 1098 1098 1098 1098 1098 1098 1098 1098 1098 1098 1098 1098 1098 1098 1098 1098 1098 1098 1098 1098 1098 1098 1098 1098 1098 1098 1098 1098 1098 1098 1098 1098 1098 1098 1098 1098 1098
1098 1098 1098 1098 1098 1098 1098 1098 1098 1098 1098 1098 1098 1098 1098 1098 1098 1098 1098 1098 1098 1098 1098 1098 1098 1098 1098 1098 1098 1098 1098 1098 1098 1098 1098 1098 1098 1098 1098 1098 1098 1098 1098 1098 1098 1098 1098 1098 1098 1098 1098 1098 1098 1098 1098 1098 1098 1098 1098 1098 1098 1098 1098 1098
1098 1098 1098 1098 1098 1098 1098 1098 1098 1098 1098 1098 1098 1098 1098 1098 1098 1098 1098 1098 1098 1098 1098 1098 1098 1098 1098 1098 1098 1098 1098 1098 1098 1098 1098 1098 1098 1098 1098 1098 1098 1098 1098 1098 1098 1098 1098 1098 1098 1098 1098 1098 1098 1098 1098 1098 1098 1098 1098 1098 1098 1098 1098 1098
1098 1098 1098 1098 1098 1098 1098 1098 1098 1098 1098 1098 1098 1098 1098 1098 1098 1098 1098 1098 1098 1098 1098 1098 1098 1098 1098 1098 1098 1098 1098 1098 1098 1098 1098 1098 1098 1098 1098 1098 1098 1098 1098 1098 1098 1098 1098 1098 1098 1098 1098 1098 1098 1098 1098 1098 1098 1098 1098 1098 1098 1098 1098 1098
1098 1098 1098 1098 1098 1098 1098 1098 1098 1098 1098 1098 1098 1098 1098 1098 1098 1098 1098 1098 1098 1098 1098 1098 1098 1098 1098 1098 1098 1098 1098 1098 1098 1098 1098 1098 1098 1098 1098 1098 1098 1098 1098 1098 1098 1098 1098 1098 1098 1098 1098 1098 1098 1098 1098 1098 1098 1098 1098 1098 1098 1098 1098 1098
1098 1098 1098 1098 1098 1098 1098 1098 1098 1098 1098 1098 1098 1098 1098 1098 1098 1098 1098 1098 1098 1098 1098 1098 1098 1098 1098 1098 1098 1098 1098 1098 1098 1098 1098 1098 1098 1098 1098 1098 1098 1098 1098 1098 1098 1098 1098 1098 1098 1098 1098 1098 1098 1098 1098 1098 1098 1098 1098 1098 1098 1098 1098 1098
1098 1098 1098 1098 1098 1098 1098 1098 1098 1098 1098 1098 1098 1098 1098 1098 1098 1098 1098 1098 1098 1098 1098 1098 1098 1098 1098 1098 1098 1098 1098 1098 1098 1098 1098 1098 1098 1098 1098 1098 1098 1098 1098 1098 1098 1098 1098 1098 1098 1098 1098 1098 1098 1098 1098 1098 1098 1098 1098 1098 1098 1098 1098 1098
1098 1098 1098 1098 1098 1098 1098 1098 1098 1098 1098 1098 1098 1098 1098 1098 1098 1098 1098 1098 1098 1098 1098 1098 1098 1098 1098 1098 1098 1098 1098 1098 1098 1098 1098 1098 1098 1098 1098 1098 1098 1098 1098 1098 1098 1098 1098 1098 1098 1098 1098 1098 1098 1098 1098 1098 1098 1098 1098 1098 1098 1098 1098 1098
1098 1098 1098 1098 1098 1098 1098 1098 1098 1098 1098 1098 1098 1098 1098 1098 1098 1098 1098 1098 1098 1098 1098 1098 1098 1098 1098 1098 1098 1098 1098 1098 1098 1098 1098 1098 1098 1098 1098 1098 1098 1098 1098 1098 1098 1098 1098 1098 1098 1098 1098 1098 1098 1098 1098 1098 1098 1098 1098 1098 1098 1098 1098 1098
1098 1098 1098 1098 1098 1098 1098 1098 1098 1098 1098 1098 1098 1098 1098 1098 1098 1098 1098 1098 1098 1098 1098 1098 1098 1098 1098 1098 1098 1098 1098 1098 1098 1098 1098 1098 1098 1098 1098 1098 1098 1098 1098 1098 1098 1098 1098 1098 1098 1098 1098 1098 1098 1098 1098 1098 1098 1098 1098 1098 1098 1098 1098 1098
1098 1098 1098 1098 1098 1098 1098 1098 1098 1098 1098 1098 1098 1098 1098 1098 1098 1098 1098 1098 1098 1098 1098 1098 1098 1098 1098 1098 1098 1098 1098 1098 1098 1098 1098 1098 1098 1098 1098 1098 1098 1098 1098 1098 1098 1098 1098 1098 1098 1098 1098 1098 1098 1098 1098 1098 1098 1098 1098 1098 1098 1098 1098 1098
1098 1098 1098 1098 1098 1098 1098 1098 1098 1098 1098 1098 1098 1098 1098 1098 1098 1098 1098 1098 1098 1098 1098 1098 1098 1098 1098 1098 1098 1098 1098 1098 1098 1098 1098 1098 1098 1098 1098 1098 1098 1098 1098 1098 1098 1098 1098 1098 1098 1098 1098 1098 1098 1098 1098 1098 1098 1098 1098 1098 1098 1098 1098 1098
1098 1098 1098 1098 1098 1098 1098 1098 1098 1098 1098 1098 1098 1098 1098 1098 1098 1098 1098 1098 1098 1098 1098 1098 1098 1098 1098 1098 1098 1098 1098 1098 1098 1098 1098 1098 1098 1098 1098 1098 1098 1098 1098 1098 1098 1098 1098 1098 1098 1098 1098 1098 1098 1098 1098 1098 1098 1098 1098 1098 1098 1098 1098 1098
1098 1098 1098 1098 1098 1098 1098 1098 1098 1098 1098 1098 1098 1098 1098 1098 1098 1098 1098 1098 1098 1098 1098 1098 1098 1098 1098 1098 1098 1098 1098 1098 1098 1098 1098 1098 1098 1098 1098 1098 1098 1098 1098 1098 1098 1098 1098 1098 1098 1098 1098 1098 1098 1098 1098 1098 1098 1098 1098 1098 1098 1098 1098 1098
1098 1098 1098 1098 1098 1098 1098 1098 1098 1098 1098 1098 1098 1098 1098 1098 1098 1098 1098 1098 1098 1098 1098 1098 1098 1098 1098 1098 1098 1098 1098 1098 1098 1098 1098 1098 1098 1098 1098 1098 1098 1098 1098 1098 1098 1098 1098 1098 1098 1098 1098 1098 1098 1098 1098 1098 1098 1098 1098 1098 1098 1098 1098 1098
1098 1098 1098 1098 1098 1098 1098 1098 1098 1098 1098 1098 1098 1098 1098 1098 1098 1098 1098 1098 1098 1098 1098 1098 1098 1098 1098 1098 1098 1098 1098 1098 1098 1098 1098 1098 1098 1098 1098 1098 1098 1098 1098 1098 1098 1098 1098 1098 1098 1098 1098 1098 1098 1098 1098 1098 1098 1098 1098 1098 1098 1098 1098 1098
1098 1098 1098 1098 1098 1098 1098 1098 1098 1098 1098 1098 1098 1098 1098 1098 1098 1098 1098 1183 1168 1168 1168 1168 1168 1168 1168 1185 1098 1098 1098 1098 1183 1168 1168 1168 1168 1168 1168 1168 1185 1098 1098 1098 1098 1098 1098 1098 1098 1098 1098 1098 1098 1098 1098 1098 1098 1098 1098 1098 1098 1098 1098 1098
1098 1098 1098 1098 1098 1098 1098 1098 1098 1098 1098 1098 1098 1098 1098 1098 1098 1098 1098 1189 1172 1174 1172 1172 1172 1174 1172 1191 1183 1098 1098 1185 1189 1172 1174 1172 1172 1172 1174 1172 1191 1098 1098 1098 1098 1098 1098 1098 1098 1098 1098 1098 1098 1098 1098 1098 1098 1098 1098 1098 1098 1098 1098 1098
1098 1098 1098 1098 1098 1098 1098 1098 1098 1098 1098 1098 1098 1098 1098 1098 1098 1098 1098 1189 1180 1263 1264 1219 1180 1180 1180 1165 1166 1093 1094 1165 1166 1180 1265 1180 1180 1180 1180 1180 1191 1098 1098 1098 1098 1098 1098 1098 1098 1098 1098 1098 1098 1098 1098 1098 1098 1098 1098 1098 1098 1098 1098 1098
1098 1098 1098 1098 1098 1098 1098 1098 1098 1098 1098 1098 1098 1098 1098 1098 1098 1098 1098 1189 1075 1269 1270 1225 1267 1268 1077 1171 1172 1099 1100 1171 1172 1075 1271 1076 1253 1147 1148 1149 1191 1098 1098 1098 1098 1098 1098 1098 1098 1098 1098 1098 1098 1098 1098 1098 1098 1098 1098 1098 1098 1098 1098 1098
1098 1098 1098 1098 1098 1098 1098 1098 1098 1098 1098 1098 1098 1098 1098 1098 1098 1098 1098 1189 1081 1082 1082 1082 1082 1082 1083 1177 1178 1105 1106 1177 1178 1081 1082 1082 1082 1153 1154 1155 1191 1098 1098 1098 1098 1098 1098 1098 1098 1098 1098 1098 1098 1098 1098 1098 1098 1098 1098 1098 1098 1098 1098 1098
1098 1098 1098 1098 1098 1098 1098 1098 1098 1098 1098 1098 1098 1098 1098 1098 1098 1098 1098 1189 1081 1082 1082 1082 1082 1082 1109 1076 1076 1076 1076 1076 1076 1110 1082 1111 1112 1113 1082 1161 1191 1098 1098 1098 1098 1098 1098 1098 1098 1098 1098 1098 1098 1098 1098 1098 1098 1098 1098 1098 1098 1098 1098 1098
1098 1098 1098 1098 1098 1098 1098 1098 1098 1098 1098 1098 1098 1098 1098 1098 1098 1098 1098 1189 1081 1082 1082 1082 1082 1082 1082 1082 1082 1082 1082 1082 1082 1255 1082 1117 1118 1119 1082 1083 1191 1098 1098 1098 1098 1098 1098 1098 1098 1098 1098 1098 1098 1098 1098 1098 1098 1098 1098 1098 1098 1098 1098 1098
1098 1098 1098 1098 1098 1098 1098 1098 1098 1098 1098 1098 1098 1098 1098 1098 1098 1098 1098 1189 1081 1082 1082 1082 1082 1082 1082 1082 1082 1082 1082 1082 1082 1082 1082 1117 1118 1119 1082 1083 1191 1098 1098 1098 1098 1098 1098 1098 1098 1098 1098 1098 1098 1098 1098 1098 1098 1098 1098 1098 1098 1098 1098 1098
1098 1098 1098 1098 1098 1098 1098 1098 1098 1098 1098 1098 1098 1098 1098 1098 1098 1098 1098 1189 1081 1082 1082 1082 1082 1082 1082 1082 1082 1082 1082 1082 1082 1082 1082 1117 1118 1119 1082 1083 1191 1098 1098 1098 1098 1098 1098 1098 1098 1098 1098 1098 1098 1098 1098 1098 1098 1098 1098 1098 1098 1098 1098 1098
1098 1098 1098 1098 1098 1098 1098 1098 1098 1098 1098 1098 1098 1098 1098 1098 1098 1098 1098 1189 1081 1082 1082 1082 1082 1082 1082 1082 1082 1082 1082 1082 1082 1082 1082 1117 1118 1119 1082 1083 1191 1098 1098 1098 1098 1098 1098 1098 1098 1098 1098 1098 1098 1098 1098 1098 1098 1098 1098 1098 1098 1098 1098 1098
1098 1098 1098 1098 1098 1098 1098 1098 1098 1098 1098 1098 1098 1098 1098 1098 1098 1098 1098 1189 1081 1082 1082 1082 1082 1082 1082 1082 1082 1082 1082 1082 1082 1082 1082 1117 1118 1119 1082 1083 1191 1098 1098 1098 1098 1098 1098 1098 1098 1098 1098 1098 1098 1098 1098 1098 1098 1098 1098 1098 1098 1098 1098 1098
1098 1098 1098 1098 1098 1098 1098 1098 1098 1098 1098 1098 1098 1098 1098 1098 1098 1098 1098 1189 1081 1082 1082 1082 1082 1082 1082 1082 1082 1082 1082 1082 1082 1082 1082 1123 1124 1125 1082 1083 1191 1098 1098 1098 1098 1098 1098 1098 1098 1098 1098 1098 1098 1098 1098 1098 1098 1098 1098 1098 1098 1098 1098 1098
1098 1098 1098 1098 1098 1098 1098 1098 1098 1098 1098 1098 1098 1098 1098 1098 1098 1098 1098 1189 1081 1082 1082 1082 1082 1082 1082 1082 1082 1082 1082 1082 1082 1082 1082 1082 1082 1082 1082 1083 1191 1098 1098 1098 1098 1098 1098 1098 1098 1098 1098 1098 1098 1098 1098 1098 1098 1098 1098 1098 1098 1098 1098 1098
1098 1098 1098 1098 1098 1098 1098 1098 1098 1098 1098 1098 1098 1098 1098 1098 1098 1098 1098 1189 1087 1273 1275 1273 1275 1088 1088 1088 1104 1082 1082 1103 1088 1088 1088 1088 1088 1088 1088 1089 1191 1098 1098 1098 1098 1098 1098 1098 1098 1098 1098 1098 1098 1098 1098 1098 1098 1098 1098 1098 1098 1098 1098 1098
1098 1098 1098 1098 1098 1098 1098 1098 1098 1098 1098 1098 1098 1098 1098 1098 1098 1098 1098 1201 1202 1202 1202 1202 1202 1202 1202 1193 1095 1096 1096 1097 1199 1202 1202 1202 1202 1202 1202 1202 1203 1098 1098 1098 1098 1098 1098 1098 1098 1098 1098 1098 1098 1098 1098 1098 1098 1098 1098 1098 1098 1098 1098 1098
1098 1098 1098 1098 1098 1098 1098 1098 1098 1098 1098 1098 1098 1098 1098 1098 1098 1098 1098 1098 1098 1098 1098 1098 1098 1098 1098 1098 1098 1098 1098 1098 1098 1098 1098 1098 1098 1098 1098 1098 1098 1098 1098 1098 1098 1098 1098 1098 1098 1098 1098 1098 1098 1098 1098 1098 1098 1098 1098 1098 1098 1098 1098 1098
1098 1098 1098 1098 1098 1098 1098 1098 1098 1098 1098 1098 1098 1098 1098 1098 1098 1098 1098 1098 1098 1098 1098 1098 1098 1098 1098 1098 1098 1098 1098 1098 1098 1098 1098 1098 1098 1098 1098 1098 1098 1098 1098 1098 1098 1098 1098 1098 1098 1098 1098 1098 1098 1098 1098 1098 1098 1098 1098 1098 1098 1098 1098 1098
1098 1098 1098 1098 1098 1098 1098 1098 1098 1098 1098 1098 1098 1098 1098 1098 1098 1098 1098 1098 1098 1098 1098 1098 1098 1098 1098 1098 1098 1098 1098 1098 1098 1098 1098 1098 1098 1098 1098 1098 1098 1098 1098 1098 1098 1098 1098 1098 1098 1098 1098 1098 1098 1098 1098 1098 1098 1098 1098 1098 1098 1098 1098 1098
1098 1098 1098 1098 1098 1098 1098 1098 1098 1098 1098 1098 1098 1098 1098 1098 1098 1098 1098 1098 1098 1098 1098 1098 1098 1098 1098 1098 1098 1098 1098 1098 1098 1098 1098 1098 1098 1098 1098 1098 1098 1098 1098 1098 1098 1098 1098 1098 1098 1098 1098 1098 1098 1098 1098 1098 1098 1098 1098 1098 1098 1098 1098 1098
1098 1098 1098 1098 1098 1098 1098 1098 1098 1098 1098 1098 1098 1098 1098 1098 1098 1098 1098 1098 1098 1098 1098 1098 1098 1098 1098 1098 1098 1098 1098 1098 1098 1098 1098 1098 1098 1098 1098 1098 1098 1098 1098 1098 1098 1098 1098 1098 1098 1098 1098 1098 1098 1098 1098 1098 1098 1098 1098 1098 1098 1098 1098 1098
1098 1098 1098 1098 1098 1098 1098 1098 1098 1098 1098 1098 1098 1098 1098 1098 1098 1098 1098 1098 1098 1098 1098 1098 1098 1098 1098 1098 1098 1098 1098 1098 1098 1098 1098 1098 1098 1098 1098 1098 1098 1098 1098 1098 1098 1098 1098 1098 1098 1098 1098 1098 1098 1098 1098 1098 1098 1098 1098 1098 1098 1098 1098 1098
1098 1098 1098 1098 1098 1098 1098 1098 1098 1098 1098 1098 1098 1098 1098 1098 1098 1098 1098 1098 1098 1098 1098 1098 1098 1098 1098 1098 1098 1098 1098 1098 1098 1098 1098 1098 1098 1098 1098 1098 1098 1098 1098 1098 1098 1098 1098 1098 1098 1098 1098 1098 1098 1098 1098 1098 1098 1098 1098 1098 1098 1098 1098 1098
1098 1098 1098 1098 1098 1098 1098 1098 1098 1098 1098 1098 1098 1098 1098 1098 1098 1098 1098 1098 1098 1098 1098 1098 1098 1098 1098 1098 1098 1098 1098 1098 1098 1098 1098 1098 1098 1098 1098 1098 1098 1098 1098 1098 1098 1098 1098 1098 1098 1098 1098 1098 1098 1098 1098 1098 1098 1098 1098 1098 1098 1098 1098 1098
1098 1098 1098 1098 1098 1098 1098 1098 1098 1098 1098 1098 1098 1098 1098 1098 1098 1098 1098 1098 1098 1098 1098 1098 1098 1098 1098 1098 1098 1098 1098 1098 1098 1098 1098 1098 1098 1098 1098 1098 1098 1098 1098 1098 1098 1098 1098 1098 1098 1098 1098 1098 1098 1098 1098 1098 1098 1098 1098 1098 1098 1098 1098 1098
1098 1098 1098 1098 1098 1098 1098 1098 1098 1098 1098 1098 1098 1098 1098 1098 1098 1098 1098 1098 1098 1098 1098 1098 1098 1098 1098 1098 1098 1098 1098 1098 1098 1098 1098 1098 1098 1098 1098 1098 1098 1098 1098 1098 1098 1098 1098 1098 1098 1098 1098 1098 1098 1098 1098 1098 1098 1098 1098 1098 1098 1098 1098 1098
1098 1098 1098 1098 1098 1098 1098 1098 1098 1098 1098 1098 1098 1098 1098 1098 1098 1098 1098 1098 1098 1098 1098 1098 1098 1098 1098 1098 1098 1098 1098 1098 1098 1098 1098 1098 1098 1098 1098 1098 1098 1098 1098 1098 1098 1098 1098 1098 1098 1098 1098 1098 1098 1098 1098 1098 1098 1098 1098 1098 1098 1098 1098 1098
1098 1098 1098 1098 1098 1098 1098 1098 1098 1098 1098 1098 1098 1098 1098 1098 1098 1098 1098 1098 1098 1098 1098 1098 1098 1098 1098 1098 1098 1098 1098 1098 1098 1098 1098 1098 1098 1098 1098 1098 1098 1098 1098 1098 1098 1098 1098 1098 1098 1098 1098 1098 1098 1098 1098 1098 1098 1098 1098 1098 1098 1098 1098 1098
1098 1098 1098 1098 1098 1098 1098 1098 1098 1098 1098 1098 1098 1098 1098 1098 1098 1098 1098 1098 1098 1098 1098 1098 1098 1098 1098 1098 1098 1098 1098 1098 1098 1098 1098 1098 1098 1098 1098 1098 1098 1098 1098 1098 1098 1098 1098 1098 1098 1098 1098 1098 1098 1098 1098 1098 1098 1098 1098 1098 1098 1098 1098 1098
1098 1098 1098 1098 1098 1098 1098 1098 1098 1098 1098 1098 1098 1098 1098 1098 1098 1098 1098 1098 1098 1098 1098 1098 1098 1098 1098 1098 1098 1098 1098 1098 1098 1098 1098 1098 1098 1098 1098 1098 1098 1098 1098 1098 1098 1098 1098 1098 1098 1098 1098 1098 1098 1098 1098 1098 1098 1098 1098 1098 1098 1098 1098 1098
1098 1098 1098 1098 1098 1098 1098 1098 1098 1098 1098 1098 1098 1098 1098 1098 1098 1098 1098 1098 1098 1098 1098 1098 1098 1098 1098 1098 1098 1098 1098 1098 1098 1098 1098 1098 1098 1098 1098 1098 1098 1098 1098 1098 1098 1098 1098 1098 1098 1098 1098 1098 1098 1098 1098 1098 1098 1098 1098 1098 1098 1098 1098 1098
1098 1098 1098 1098 1098 1098 1098 1098 1098 1098 1098 1098 1098 1098 1098 1098 1098 1098 1098 1098 1098 1098 1098 1098 1098 1098 1098 1098 1098 1098 1098 1098 1098 1098 1098 1098 1098 1098 1098 1098 1098 1098 1098 1098 1098 1098 1098 1098 1098 1098 1098 1098 1098 1098 1098 1098 1098 1098 1098 1098 1098 1098 1098 1098
1098 1098 1098 1098 1098 1098 1098 1098 1098 1098 1098 1098 1098 1098 1098 1098 1098 1098 1098 1098 1098 1098 1098 1098 1098 1098 1098 1098 1098 1098 1098 1098 1098 1098 1098 1098 1098 1098 1098 1098 1098 1098 1098 1098 1098 1098 1098 1098 1098 1098 1098 1098 1098 1098 1098 1098 1098 1098 1098 1098 1098 1098 1098 1098
1098 1098 1098 1098 1098 1098 1098 1098 1098 1098 1098 1098 1098 1098 1098 1098 1098 1098 1098 1098 1098 1098 1098 1098 1098 1098 1098 1098 1098 1098 1098 1098 1098 1098 1098 1098 1098 1098 1098 1098 1098 1098 1098 1098 1098 1098 1098 1098 1098 1098 1098 1098 1098 1098 1098 1098 1098 1098 1098 1098 1098 1098 1098 1098
1098 1098 1098 1098 1098 1098 1098 1098 1098 1098 1098 1098 1098 1098 1098 1098 1098 1098 1098 1098 1098 1098 1098 1098 1098 1098 1098 1098 1098 1098 1098 1098 1098 1098 1098 1098 1098 1098 1098 1098 1098 1098 1098 1098 1098 1098 1098 1098 1098 1098 1098 1098 1098 1098 1098 1098 1098 1098 1098 1098 1098 1098 1098 1098
1098 1098 1098 1098 1098 1098 1098 1098 1098 1098 1098 1098 1098 1098 1098 1098 1098 1098 1098 1098 1098 1098 1098 1098 1098 1098 1098 1098 1098 1098 1098 1098 1098 1098 1098 1098 1098 1098 1098 1098 1098 1098 1098 1098 1098 1098 1098 1098 1098 1098 1098 1098 1098 1098 1098 1098 1098 1098 1098 1098 1098 1098 1098 1098
1098 1098 1098 1098 1098 1098 1098 1098 1098 1098 1098 1098 1098 1098 1098 1098 1098 1098 1098 1098 1098 1098 1098 1098 1098 1098 1098 1098 1098 1098 1098 1098 1098 1098 1098 1098 1098 1098 1098 1098 1098 1098 1098 1098 1098 1098 1098 1098 1098 1098 1098 1098 1098 1098 1098 1098 1098 1098 1098 1098 1098 1098 1098 1098