12612 12612 12612 12612 12612 12612 12612 12612 12612 12612 12612 12612 12612 12612 12612 12612 12612 12612 12612 12612 12612 12612 12612 12612 12612 12612 12612 12612 12612 12612 12612 12612 12612 12612 12612 12612 12612 12612 12612 12612 12612 12612 12612 12612 12612 12612 12612 12612 12612 12612 12612 12612 12612 12612 12612 12612 12612 12612 12612 12612 12612 12612 12612 12612
12612 12612 12612 12612 12612 12612 12612 12612 12612 12612 12612 12612 12612 12612 12612 12612 12612 12612 12612 12612 12612 12612 12612 12612 12612 12612 12612 12612 12612 12612 12612 12612 12612 12612 12612 12612 12612 12612 12612 12612 12612 12612 12612 12612 12612 12612 12612 12612 12612 12612 12612 12612 12612 12612 12612 12612 12612 12612 12612 12612 12612 12612 12612 12612
12612 12612 12612 12612 12612 12612 12612 12612 12612 12612 12612 12612 12612 12612 12612 12612 12612 12612 12612 12612 12612 12612 12612 12612 12612 12612 12612 12612 12612 12612 12612 12612 12612 12612 12612 12612 12612 12612 12612 12612 12612 12612 12612 12612 12612 12612 12612 12612 12612 12612 12612 12612 12612 12612 12612 12612 12612 12612 12612 12612 12612 12612 12612 12612
12612 12612 12612 12612 12612 12612 12612 12612 12612 12612 12612 12612 12612 12612 12612 12612 12612 12612 12612 12612 12612 12612 12612 12612 12612 12612 12612 12612 12612 12612 12612 12612 12612 12612 12612 12612 12612 12612 12612 12612 12612 12612 12612 12612 12612 12612 12612 12612 12612 12612 12612 12612 12612 12612 12612 12612 12612 12612 12612 12612 12612 12612 12612 12612
12612 12612 12612 12612 12612 12612 12612 12612 12612 12612 12612 12612 12612 12612 12612 12612 12612 12612 12612 12612 12612 12612 12612 12612 12612 12612 12612 12612 12612 12612 12612 12612 12612 12612 12612 12612 12612 12612 12612 12612 12612 12612 12612 12612 12612 12612 12612 12612 12612 12612 12612 12612 12612 12612 12612 12612 12612 12612 12612 12612 12612 12612 12612 12612
12612 12612 12612 12612 12612 12612 12612 12612 12612 12612 12612 12612 12612 12612 12612 12612 12612 12612 12612 12612 12612 12612 12612 12612 12612 12612 12612 12612 12612 12612 12612 12612 12612 12612 12612 12612 12612 12612 12612 12612 12612 12612 12612 12612 12612 12612 12612 12612 12612 12612 12612 12612 12612 12612 12612 12612 12612 12612 12612 12612 12612 12612 12612 12612
12612 12612 12612 12612 12612 12612 12612 12612 12612 12612 12612 12612 12612 12612 12612 12612 12612 12612 12612 12612 12612 12612 12612 12612 12612 12612 12612 12612 12612 12612 12612 12612 12612 12612 12612 12612 12612 12612 12612 12612 12612 12612 12612 12612 12612 12612 12612 12612 12612 12612 12612 12612 12612 12612 12612 12612 12612 12612 12612 12612 12612 12612 12612 12612
12612 12612 12612 12612 12612 12612 12612 12612 12612 12612 12612 12612 12612 12612 12612 12612 12612 12612 12612 12612 12612 12612 12612 12612 12612 12612 12612 12612 12612 12612 12612 12612 12612 12612 12612 12612 12612 12612 12612 12612 12612 12612 12612 12612 12612 12612 12612 12612 12612 12612 12612 12612 12612 12612 12612 12612 12612 12612 12612 12612 12612 12612 12612 12612
12612 12612 12612 12612 12612 12612 12612 12612 12612 12612 12612 12612 12612 12612 12612 12612 12612 12612 12612 12612 12612 12612 12612 12612 12612 12612 12612 12612 12612 12612 12612 12612 12612 12612 12612 12612 12612 12612 12612 12612 12612 12612 12612 12612 12612 12612 12612 12612 12612 12612 12612 12612 12612 12612 12612 12612 12612 12612 12612 12612 12612 12612 12612 12612
12612 12612 12612 12612 12612 12612 12612 12612 12612 12612 12612 12612 12612 12612 12612 12612 12612 12612 12612 12612 12612 12612 12612 12612 12612 12612 12612 12612 12612 12612 12612 12612 12612 12612 12612 12612 12612 12612 12612 12612 12612 12612 12612 12612 12612 12612 12612 12612 12612 12612 12612 12612 12612 12612 12612 12612 12612 12612 12612 12612 12612 12612 12612 12612
12612 12612 12612 12612 12612 12612 12612 12612 12612 12612 12612 12612 12612 12612 12612 12612 12612 12612 12612 12612 12612 12612 12612 12612 12612 12612 12612 12612 12612 12612 12612 12612 12612 12612 12612 12612 12612 12612 12612 12612 12612 12612 12612 12612 12612 12612 12612 12612 12612 12612 12612 12612 12612 12612 12612 12612 12612 12612 12612 12612 12612 12612 12612 12612
12612 12612 12612 12612 12612 12612 12612 12612 12612 12612 12612 12612 12612 12612 12612 12612 12612 12612 12612 12612 12612 12612 12612 12612 12612 12612 12612 12612 12612 12612 12612 12612 12612 12612 12612 12612 12612 12612 12612 12612 12612 12612 12612 12612 12612 12612 12612 12612 12612 12612 12612 12612 12612 12612 12612 12612 12612 12612 12612 12612 12612 12612 12612 12612
12612 12612 12612 12612 12612 12612 12612 12612 12612 12612 12612 12612 12612 12612 12612 12612 12612 12612 12612 12612 12612 12612 12612 12612 12612 12612 12612 12612 12612 12612 12612 12612 12612 12612 12612 12612 12612 12612 12612 12612 12612 12612 12612 12612 12612 12612 12612 12612 12612 12612 12612 12612 12612 12612 12612 12612 12612 12612 12612 12612 12612 12612 12612 12612
12612 12612 12612 12612 12612 12612 12612 12612 12612 12612 12612 12612 12612 12612 12612 12612 12612 12612 12612 12612 12612 12612 12612 12612 12612 12612 12612 12612 12612 12612 12612 12612 12612 12612 12612 12612 12612 12612 12612 12612 12612 12612 12612 12612 12612 12612 12612 12612 12612 12612 12612 12612 12612 12612 12612 12612 12612 12612 12612 12612 12612 12612 12612 12612
12612 12612 12612 12612 12612 12612 12612 12612 12612 12612 12612 12612 12612 12612 12612 12612 12612 12612 12612 12612 12612 12612 12612 12612 12612 12612 12612 12612 12612 12612 12612 12612 12612 12612 12612 12612 12612 12612 12612 12612 12612 12612 12612 12612 12612 12612 12612 12612 12612 12612 12612 12612 12612 12612 12612 12612 12612 12612 12612 12612 12612 12612 12612 12612
12612 12612 12612 12612 12612 12612 12612 12612 12612 12612 12612 12612 12612 12612 12612 12612 12612 12612 12612 12612 12612 12612 12612 12612 12612 12612 12612 12612 12612 12612 12612 12612 12612 12612 12612 12612 12612 12612 12612 12612 12612 12612 12612 12612 12612 12612 12612 12612 12612 12612 12612 12612 12612 12612 12612 12612 12612 12612 12612 12612 12612 12612 12612 12612
12612 12612 12612 12612 12612 12612 12612 12612 12612 12612 12612 12612 12612 12612 12612 12612 12612 12612 12612 12612 12612 12612 12612 12612 12612 12612 12612 12612 12612 12612 12612 12612 12612 12612 12612 12612 12612 12612 12612 12612 12612 12612 12612 12612 12612 12612 12612 12612 12612 12612 12612 12612 12612 12612 12612 12612 12612 12612 12612 12612 12612 12612 12612 12612
12612 12612 12612 12612 12612 12612 12612 12612 12612 12612 12612 12612 12612 12612 12612 12612 12612 12612 12612 12612 12612 12612 12612 12612 12612 12612 12612 12612 12612 12612 12612 12612 12612 12612 12612 12612 12612 12612 12612 12612 12612 12612 12612 12612 12612 12612 12612 12612 12612 12612 12612 12612 12612 12612 12612 12612 12612 12612 12612 12612 12612 12612 12612 12612
12612 12612 12612 12612 12612 12612 12612 12612 12612 12612 12612 12612 12612 12612 12612 12612 12612 12612 12612 12612 12612 12612 12612 12612 12612 12612 12612 12612 12612 12612 12612 12612 12612 12612 12612 12612 12612 12612 12612 12612 12612 12612 12612 12612 12612 12612 12612 12612 12612 12612 12612 12612 12612 12612 12612 12612 12612 12612 12612 12612 12612 12612 12612 12612
12612 12612 12612 12612 12612 12612 12612 12612 12612 12612 12612 12612 12612 12612 12612 12612 12612 12612 12612 12612 12612 12612 12612 12612 12612 12612 12612 12612 12612 12612 12612 12612 12612 12612 12612 12612 12612 12612 12612 12612 12612 12612 12612 12612 12612 12612 12612 12612 12612 12612 12612 12612 12612 12612 12612 12612 12612 12612 12612 12612 12612 12612 12612 12612
12612 12612 12612 12612 12612 12612 12612 12612 12612 12612 12612 12612 12612 12612 12612 12612 12612 12612 12612 12612 12612 12612 12612 12612 12612 12612 12612 12612 12612 12612 12612 12612 12612 12612 12612 12612 12612 12612 12612 12612 12612 12612 12612 12612 12612 12612 12612 12612 12612 12612 12612 12612 12612 12612 12612 12612 12612 12612 12612 12612 12612 12612 12612 12612
12612 12612 12612 12612 12612 12612 12612 12612 12612 12612 12612 25204 25206 25204 25206 25204 25206 25204 25206 25204 25206 25204 25206 25204 25206 25204 25206 25204 25206 25204 25206 25204 25206 25206 25206 25206 25206 25206 25206 25206 25206 25206 25206 25206 25206 25206 25206 25206 25206 25205 12612 12612 12612 12612 12612 12612 12612 12612 12612 12612 12612 12612 12612 12612
12612 12612 12612 12612 12612 12612 12612 12612 12612 12612 12612 12613 25211 25211 25211 25211 25211 25204 25211 25204 25211 25211 25211 25211 25211 25211 25211 25211 25211 25211 25211 25211 25211 25211 25211 25211 25211 25211 25211 25211 25211 25211 25211 25211 25211 25211 25211 25211 25211 25208 12612 12612 12612 12612 12612 12612 12612 12612 12612 12612 12612 12612 12612 12612
12612 12612 12612 12612 12612 12612 12612 12612 12612 12612 12612 12613 25211 25211 25211 25211 25211 25204 25211 25204 25211 25211 25211 25211 25211 25211 25211 25211 25211 25211 25211 25211 25211 25211 25211 25211 25211 25211 25211 25211 25211 25211 25211 25211 25211 25211 25211 25211 25211 25208 12612 12612 12612 12612 12612 12612 12612 12612 12612 12612 12612 12612 12612 12612
12612 12612 12612 12612 12612 12612 12612 12612 12612 12612 12612 12613 25211 25211 25211 25211 25211 25204 25211 25204 25211 25211 25211 25211 25211 25211 25211 25211 25211 25211 25211 25211 25211 25211 25211 25211 25211 25211 25211 25211 25211 25211 25211 25211 25211 25211 25211 25211 25211 25208 12612 12612 12612 12612 12612 12612 12612 12612 12612 12612 12612 12612 12612 12612
12612 12612 12612 12612 12612 12612 12612 12612 12612 12612 12612 12613 25211 25211 25211 25211 25211 25204 25211 25204 25211 25211 25211 25211 25211 25211 25211 25211 25211 25211 25211 25211 25211 25211 25211 25211 25211 25211 25211 25211 25211 25211 25211 25211 25211 25211 25211 25211 25211 25208 12612 12612 12612 12612 12612 12612 12612 12612 12612 12612 12612 12612 12612 12612
12612 12612 12612 12612 12612 12612 12612 12612 12612 12612 12612 12613 25211 25211 25211 25211 25211 25211 25211 25211 25211 25211 25211 25211 25211 25211 25211 25211 25211 25211 25211 25211 25211 25211 25211 25211 25211 25211 25211 25211 25211 25211 25211 25211 25211 25211 25211 25211 25211 25208 12612 12612 12612 12612 12612 12612 12612 12612 12612 12612 12612 12612 12612 12612
12612 12612 12612 12612 12612 12612 12612 12612 12612 12612 12612 12613 25211 25211 25211 25211 25211 25211 25211 25211 25211 25211 25211 25211 25211 25211 25211 25211 25211 25211 25211 25211 25211 25211 25211 25211 25211 25211 25211 25211 25211 25211 25211 25211 25211 25211 25211 25211 25211 25208 12612 12612 12612 12612 12612 12612 12612 12612 12612 12612 12612 12612 12612 12612
12612 12612 12612 12612 12612 12612 12612 12612 12612 12612 12612 12613 25211 25211 25211 25211 25211 25211 25211 25211 12612 25211 12612 25211 25211 25211 25211 25211 25211 25211 25211 25211 25211 25211 25211 25211 25211 25211 25211 25211 25211 25211 25211 25211 25211 25211 25211 25211 25211 25208 12612 12612 12612 12612 12612 12612 12612 12612 12612 12612 12612 12612 12612 12612
12612 12612 12612 12612 12612 12612 12612 12612 12612 12612 12612 12613 25211 25211 25211 25211 25211 25211 25211 25211 12612 25211 12612 25211 25211 25211 25211 25211 25211 25211 25211 25211 25211 25211 25211 25211 25211 25211 25211 25211 25211 25211 25211 25211 25211 25211 25211 25211 25211 25208 12612 12612 12612 12612 12612 12612 12612 12612 12612 12612 12612 12612 12612 12612
12612 12612 12612 12612 12612 12612 12612 12612 12612 12612 12612 12613 25211 25211 25211 25211 25211 25211 25211 25211 12612 25211 12612 25211 25211 25211 25211 25211 25211 25211 25211 25211 25211 25211 25211 25211 25211 25211 25211 25211 25211 25211 25211 25211 25211 25211 25211 25211 25211 25208 12612 12612 12612 12612 12612 12612 12612 12612 12612 12612 12612 12612 12612 12612
12612 12612 12612 12612 12612 12612 12612 12612 12612 12612 12612 12613 25211 25211 25211 25211 25211 25211 25211 25211 12612 25211 12612 25211 25211 25211 25211 25211 25211 25211 25211 25211 25211 25211 25211 25211 25211 25211 25211 25211 25211 25211 25211 25211 25211 25211 25211 25211 25211 25208 12612 12612 12612 12612 12612 12612 12612 12612 12612 12612 12612 12612 12612 12612
12612 12612 12612 12612 12612 12612 12612 12612 12612 12612 12612 12613 25211 25211 25211 25211 25211 25211 25211 25211 12612 25211 12612 25211 25211 25211 25211 25211 25211 25211 25211 25211 25211 25211 25211 25211 25211 25211 25211 25211 25211 25211 25211 25211 25211 25211 25211 25211 25211 25208 12612 12612 12612 12612 12612 12612 12612 12612 12612 12612 12612 12612 12612 12612
12612 12612 12612 12612 12612 12612 12612 12612 12612 12612 12612 12613 25211 25211 25211 25211 25211 25211 25211 25211 12612 25211 12612 25211 25211 25211 25211 25211 25211 25211 25211 25211 25211 25211 25211 25211 25211 25211 25211 25211 25211 25211 25211 25211 25211 25211 25211 25211 25211 25208 12612 12612 12612 12612 12612 12612 12612 12612 12612 12612 12612 12612 12612 12612
12612 12612 12612 12612 12612 12612 12612 12612 12612 12612 12612 12613 25211 25211 25211 25211 25211 25211 25211 25211 12612 25211 12612 25211 25211 25211 25211 25211 25211 25211 25211 25211 25211 25211 25211 25211 25211 25211 25211 25211 25211 25211 25211 25211 25211 25211 25211 25211 25211 25208 12612 12612 12612 12612 12612 12612 12612 12612 12612 12612 12612 12612 12612 12612
12612 12612 12612 12612 12612 12612 12612 12612 12612 12612 12612 12613 25211 25211 25211 25211 25211 25211 25211 25211 12612 25211 12612 25211 25211 25211 25211 25211 25211 25211 25211 25211 25211 25211 25211 25211 25211 25211 25211 25211 25211 25211 25211 25211 25211 25211 25211 25211 25211 25208 12612 12612 12612 12612 12612 12612 12612 12612 12612 12612 12612 12612 12612 12612
12612 12612 12612 12612 12612 12612 12612 12612 12612 12612 12612 12613 25211 25211 25211 25211 25211 25211 25211 25211 12612 25211 12612 25211 25211 25211 25211 25211 25211 25211 25211 25211 25211 25211 25211 25211 25211 25211 25211 25211 25211 25211 25211 25211 25211 25211 25211 25211 25211 25208 12612 12612 12612 12612 12612 12612 12612 12612 12612 12612 12612 12612 12612 12612
12612 12612 12612 12612 12612 12612 12612 12612 12612 12612 12612 12613 25211 25211 25211 25211 25211 25211 25211 25211 12612 25211 25211 25211 25211 25211 25211 25211 25211 25211 25211 25211 25211 25211 25211 25211 25211 25211 25211 25211 25211 25211 25211 25211 25211 25211 25211 25211 25211 25208 12612 12612 12612 12612 12612 12612 12612 12612 12612 12612 12612 12612 12612 12612
12612 12612 12612 12612 12612 12612 12612 12612 12612 12612 12612 12613 25211 25211 25211 25211 25211 25211 25211 25211 12612 12612 12612 25211 25211 25211 25211 25211 25211 25211 25211 25211 25211 25211 25211 25211 25211 25211 25211 25211 25211 25211 25211 25211 25211 25211 25211 25211 25211 25208 12612 12612 12612 12612 12612 12612 12612 12612 12612 12612 12612 12612 12612 12612
12612 12612 12612 12612 12612 12612 12612 12612 12612 12612 12612 12613 25211 25211 25211 25211 25211 25211 25211 25211 25211 25211 25211 25211 25211 25211 25211 25211 25211 25211 25211 25211 25211 25211 25211 25211 25211 25211 25211 25211 25211 25211 25211 25211 25211 25211 25211 25211 25211 25208 12612 12612 12612 12612 12612 12612 12612 12612 12612 12612 12612 12612 12612 12612
12612 12612 12612 12612 12612 12612 12612 12612 12612 12612 12612 12613 25211 25211 25211 25211 25211 25211 25211 25211 25211 25211 25211 25211 25211 25211 25211 25211 25211 25211 25211 25211 25211 25211 25211 25211 25211 25211 25211 25211 25211 25211 25211 25211 25211 25211 25211 25211 25211 25208 12612 12612 12612 12612 12612 12612 12612 12612 12612 12612 12612 12612 12612 12612
12612 12612 12612 12612 12612 12612 12612 12612 12612 12612 12612 12613 25211 25211 25211 25211 25211 25211 25211 25211 25211 25211 25211 25211 25211 25211 25211 25211 25211 25211 25211 25211 25211 25211 25211 25211 25211 25211 25211 25211 25211 25211 25211 25211 25211 25211 25211 25211 25211 25208 12612 12612 12612 12612 12612 12612 12612 12612 12612 12612 12612 12612 12612 12612
12612 12612 12612 12612 12612 12612 12612 12612 12612 12612 12612 12613 25211 25211 25211 25211 25211 25211 25211 25211 25211 25211 25211 25211 25211 25211 25211 25211 25211 25211 25211 25211 25211 25211 25211 25211 25211 25211 25211 25211 25211 25211 25211 25211 25211 25211 25211 25211 25211 25208 12612 12612 12612 12612 12612 12612 12612 12612 12612 12612 12612 12612 12612 12612
12612 12612 12612 12612 12612 12612 12612 12612 12612 12612 12612 12613 25211 25211 25211 25211 25211 25211 25211 25211 25211 25211 25211 25211 25211 25211 25211 25211 25211 25211 25211 25211 25211 25211 25211 25211 25211 25211 25211 25211 25211 25211 25211 25211 25211 25211 25211 25211 25211 25208 12612 12612 12612 12612 12612 12612 12612 12612 12612 12612 12612 12612 12612 12612
12612 12612 12612 12612 12612 12612 12612 12612 12612 12612 12612 12613 25211 25211 25211 25211 25211 25211 25211 25211 25211 25211 25211 25211 25211 25211 25211 25211 25211 25211 25211 25211 25211 25211 25211 25211 25211 25211 25211 25211 25211 25211 25211 25211 25211 25211 25211 25211 25211 25208 12612 12612 12612 12612 12612 12612 12612 12612 12612 12612 12612 12612 12612 12612
12612 12612 12612 12612 12612 12612 12612 12612 12612 12612 12612 12613 25211 25211 25211 25211 25211 25211 25211 25211 25211 25211 25211 25211 25211 25211 25211 25211 25211 25211 25211 25211 25211 25211 25211 25211 25211 25211 25211 25211 25211 25211 25211 25211 25211 25211 25211 25211 25211 25208 12612 12612 12612 12612 12612 12612 12612 12612 12612 12612 12612 12612 12612 12612
12612 12612 12612 12612 12612 12612 12612 12612 12612 12612 12612 12613 25211 25211 25211 25211 25211 25211 25211 25211 25211 25211 25211 25211 25211 25211 25211 25211 25211 25211 25211 25211 25211 25211 25211 25211 25211 25211 25211 25211 25211 25211 25211 25211 25211 25211 25211 25211 25211 25208 12612 12612 12612 12612 12612 12612 12612 12612 12612 12612 12612 12612 12612 12612
12612 12612 12612 12612 12612 12612 12612 12612 12612 12612 12612 12615 25210 25210 25210 25210 25210 25210 25210 25210 25210 25210 25210 25210 25210 25210 25210 25210 25210 25210 25210 25210 25210 25210 25210 25210 25210 25210 25210 25210 25210 25210 25210 25210 25210 25210 25210 25210 25210 25203 12612 12612 12612 12612 12612 12612 12612 12612 12612 12612 12612 12612 12612 12612
12612 12612 12612 12612 12612 12612 12612 12612 12612 12612 12612 12612 12612 12612 12612 12612 12612 12612 12612 12612 12612 12612 12612 12612 12612 12612 12612 12612 12612 12612 12612 12612 12612 12612 12612 12612 12612 12612 12612 12612 12612 12612 12612 12612 12612 12612 12612 12612 12612 12612 12612 12612 12612 12612 12612 12612 12612 12612 12612 12612 12612 12612 12612 12612
12612 12612 12612 12612 12612 12612 12612 12612 12612 12612 12612 12612 12612 12612 12612 12612 12612 12612 12612 12612 12612 12612 12612 12612 12612 12612 12612 12612 12612 12612 12612 12612 12612 12612 12612 12612 12612 12612 12612 12612 12612 12612 12612 12612 12612 12612 12612 12612 12612 12612 12612 12612 12612 12612 12612 12612 12612 12612 12612 12612 12612 12612 12612 12612
12612 12612 12612 12612 12612 12612 12612 12612 12612 12612 12612 12612 12612 12612 12612 12612 12612 12612 12612 12612 12612 12612 12612 12612 12612 12612 12612 12612 12612 12612 12612 12612 12612 12612 12612 12612 12612 12612 12612 12612 12612 12612 12612 12612 12612 12612 12612 12612 12612 12612 12612 12612 12612 12612 12612 12612 12612 12612 12612 12612 12612 12612 12612 12612
12612 12612 12612 12612 12612 12612 12612 12612 12612 12612 12612 12612 12612 12612 12612 12612 12612 12612 12612 12612 12612 12612 12612 12612 12612 12612 12612 12612 12612 12612 12612 12612 12612 12612 12612 12612 12612 12612 12612 12612 12612 12612 12612 12612 12612 12612 12612 12612 12612 12612 12612 12612 12612 12612 12612 12612 12612 12612 12612 12612 12612 12612 12612 12612
12612 12612 12612 12612 12612 12612 12612 12612 12612 12612 12612 12612 12612 12612 12612 12612 12612 12612 12612 12612 12612 12612 12612 12612 12612 12612 12612 12612 12612 12612 12612 12612 12612 12612 12612 12612 12612 12612 12612 12612 12612 12612 12612 12612 12612 12612 12612 12612 12612 12612 12612 12612 12612 12612 12612 12612 12612 12612 12612 12612 12612 12612 12612 12612
12612 12612 12612 12612 12612 12612 12612 12612 12612 12612 12612 12612 12612 12612 12612 12612 12612 12612 12612 12612 12612 12612 12612 12612 12612 12612 12612 12612 12612 12612 12612 12612 12612 12612 12612 12612 12612 12612 12612 12612 12612 12612 12612 12612 12612 12612 12612 12612 12612 12612 12612 12612 12612 12612 12612 12612 12612 12612 12612 12612 12612 12612 12612 12612
12612 12612 12612 12612 12612 12612 12612 12612 12612 12612 12612 12612 12612 12612 12612 12612 12612 12612 12612 12612 12612 12612 12612 12612 12612 12612 12612 12612 12612 12612 12612 12612 12612 12612 12612 12612 12612 12612 12612 12612 12612 12612 12612 12612 12612 12612 12612 12612 12612 12612 12612 12612 12612 12612 12612 12612 12612 12612 12612 12612 12612 12612 12612 12612
12612 12612 12612 12612 12612 12612 12612 12612 12612 12612 12612 12612 12612 12612 12612 12612 12612 12612 12612 12612 12612 12612 12612 12612 12612 12612 12612 12612 12612 12612 12612 12612 12612 12612 12612 12612 12612 12612 12612 12612 12612 12612 12612 12612 12612 12612 12612 12612 12612 12612 12612 12612 12612 12612 12612 12612 12612 12612 12612 12612 12612 12612 12612 12612
12612 12612 12612 12612 12612 12612 12612 12612 12612 12612 12612 12612 12612 12612 12612 12612 12612 12612 12612 12612 12612 12612 12612 12612 12612 12612 12612 12612 12612 12612 12612 12612 12612 12612 12612 12612 12612 12612 12612 12612 12612 12612 12612 12612 12612 12612 12612 12612 12612 12612 12612 12612 12612 12612 12612 12612 12612 12612 12612 12612 12612 12612 12612 12612
12612 12612 12612 12612 12612 12612 12612 12612 12612 12612 12612 12612 12612 12612 12612 12612 12612 12612 12612 12612 12612 12612 12612 12612 12612 12612 12612 12612 12612 12612 12612 12612 12612 12612 12612 12612 12612 12612 12612 12612 12612 12612 12612 12612 12612 12612 12612 12612 12612 12612 12612 12612 12612 12612 12612 12612 12612 12612 12612 12612 12612 12612 12612 12612
12612 12612 12612 12612 12612 12612 12612 12612 12612 12612 12612 12612 12612 12612 12612 12612 12612 12612 12612 12612 12612 12612 12612 12612 12612 12612 12612 12612 12612 12612 12612 12612 12612 12612 12612 12612 12612 12612 12612 12612 12612 12612 12612 12612 12612 12612 12612 12612 12612 12612 12612 12612 12612 12612 12612 12612 12612 12612 12612 12612 12612 12612 12612 12612
12612 12612 12612 12612 12612 12612 12612 12612 12612 12612 12612 12612 12612 12612 12612 12612 12612 12612 12612 12612 12612 12612 12612 12612 12612 12612 12612 12612 12612 12612 12612 12612 12612 12612 12612 12612 12612 12612 12612 12612 12612 12612 12612 12612 12612 12612 12612 12612 12612 12612 12612 12612 12612 12612 12612 12612 12612 12612 12612 12612 12612 12612 12612 12612
12612 12612 12612 12612 12612 12612 12612 12612 12612 12612 12612 12612 12612 12612 12612 12612 12612 12612 12612 12612 12612 12612 12612 12612 12612 12612 12612 12612 12612 12612 12612 12612 12612 12612 12612 12612 12612 12612 12612 12612 12612 12612 12612 12612 12612 12612 12612 12612 12612 12612 12612 12612 12612 12612 12612 12612 12612 12612 12612 12612 12612 12612 12612 12612
12612 12612 12612 12612 12612 12612 12612 12612 12612 12612 12612 12612 12612 12612 12612 12612 12612 12612 12612 12612 12612 12612 12612 12612 12612 12612 12612 12612 12612 12612 12612 12612 12612 12612 12612 12612 12612 12612 12612 12612 12612 12612 12612 12612 12612 12612 12612 12612 12612 12612 12612 12612 12612 12612 12612 12612 12612 12612 12612 12612 12612 12612 12612 12612
12612 12612 12612 12612 12612 12612 12612 12612 12612 12612 12612 12612 12612 12612 12612 12612 12612 12612 12612 12612 12612 12612 12612 12612 12612 12612 12612 12612 12612 12612 12612 12612 12612 12612 12612 12612 12612 12612 12612 12612 12612 12612 12612 12612 12612 12612 12612 12612 12612 12612 12612 12612 12612 12612 12612 12612 12612 12612 12612 12612 12612 12612 12612 12612
12612 12612 12612 12612 12612 12612 12612 12612 12612 12612 12612 12612 12612 12612 12612 12612 12612 12612 12612 12612 12612 12612 12612 12612 12612 12612 12612 12612 12612 12612 12612 12612 12612 12612 12612 12612 12612 12612 12612 12612 12612 12612 12612 12612 12612 12612 12612 12612 12612 12612 12612 12612 12612 12612 12612 12612 12612 12612 12612 12612 12612 12612 12612 12612